contig	source	feature	start	end	score	strand	frame	info	method	12h-1	12h-2	12h-3	18h-1	18h-2	18h-3	1h_1	1h_2	1h_3	24h-1	24h-2	24h-3	2h_1	2h_2	2h_3	48h-1	48h-2	48h-3	4h-1	4h-2	4h-3	6h-1	6h-2	6h-3	8h-1	8h-2	8h-3
NC_001491.2	LoRTIA	intron	4043	9509	4	+	.	GT/AG	12h-1	4	0	0	0	3	0	0	0	0	2	0	2	0	0	0	6	0	2	0	0	0	0	0	0	0	0	0
NC_001491.2	LoRTIA	intron	121073	121267	2	.	.		12h-1	2	0	3	0	0	0	0	0	0	0	0	0	0	0	0	0	0	0	0	0	0	2	0	0	0	0	0
NC_001491.2	LoRTIA	intron	121073	121340	2	+	.	GT/AG	12h-1	2	0	0	0	0	0	0	0	0	0	2	0	0	0	0	0	2	0	0	0	0	0	2	2	0	0	0
NC_001491.2	LoRTIA	intron	121073	121269	2	.	.		12h-1	2	0	0	0	0	0	0	0	0	0	0	0	0	0	0	0	0	0	0	0	0	0	0	0	0	0	2
NC_001491.2	LoRTIA	intron	121085	121286	10	+	.	GT/AG	12h-1	10	6	6	0	2	0	0	0	0	0	0	0	6	4	3	2	2	7	7	8	10	2	3	11	4	7	15
NC_001491.2	LoRTIA	intron	121085	121281	2	.	.		12h-1	2	0	0	0	0	0	0	0	0	0	0	0	0	0	0	0	0	0	0	0	0	0	0	0	0	0	0
NC_001491.2	LoRTIA	intron	121085	121269	3	.	.		12h-1	3	5	5	2	0	0	0	0	0	0	0	0	3	0	0	0	0	2	4	0	2	5	4	0	6	2	5
NC_001491.2	LoRTIA	intron	121069	121280	25	-	.	AT/AC	12h-1	25	15	14	0	2	2	0	0	0	0	4	4	11	8	11	0	0	12	14	11	14	15	9	7	9	16	22
NC_001491.2	LoRTIA	intron	121085	121268	7	.	.		12h-1	7	2	4	0	0	0	0	0	0	0	0	0	3	2	0	0	0	0	0	4	2	2	2	2	0	5	2
NC_001491.2	LoRTIA	intron	121089	121286	2	+	.	GT/AG	12h-1	2	2	2	0	0	0	0	0	0	0	0	0	3	0	0	0	0	0	0	0	0	0	0	3	0	2	4
NC_001491.2	LoRTIA	intron	121106	121286	463	+	.	GT/AG	12h-1	463	384	405	56	39	33	2	0	0	50	33	23	255	221	150	44	54	246	274	249	345	320	294	272	315	360	646
NC_001491.2	LoRTIA	intron	121106	121268	6	.	.		12h-1	6	10	0	0	0	0	0	0	0	0	2	2	0	3	0	0	0	4	4	0	3	0	0	5	3	3	5
NC_001491.2	LoRTIA	intron	121109	121279	60	.	.		12h-1	60	59	66	12	5	0	0	0	0	9	5	6	56	28	22	8	3	30	46	43	56	52	44	40	46	40	86
NC_001491.2	LoRTIA	intron	121109	121286	96	+	.	GT/AG	12h-1	96	84	103	13	7	6	0	0	0	10	6	5	104	63	82	12	15	47	73	73	81	88	72	53	72	75	155
NC_001491.2	LoRTIA	intron	121385	121583	2	.	.		12h-1	2	0	0	0	0	0	0	0	0	0	0	0	0	0	0	0	0	0	0	0	0	0	0	0	0	0	0
NC_001491.2	LoRTIA	intron	121085	121280	16	-	.	AT/AC	12h-1	16	8	16	0	2	0	0	0	0	6	2	5	11	12	8	4	0	12	8	13	20	17	13	12	11	17	25
NC_001491.2	LoRTIA	intron	123186	123230	2	.	.		12h-1	2	0	0	0	0	0	0	0	0	0	0	0	0	0	0	0	0	0	0	0	0	0	0	0	0	0	0
NC_001491.2	LoRTIA	intron	121069	121286	170	+	.	GT/AG	12h-1	170	135	111	68	34	30	0	0	0	62	47	44	134	101	66	109	74	90	119	113	169	130	109	111	128	120	203
NC_001491.2	LoRTIA	intron	121069	121269	4	.	.		12h-1	4	3	0	0	0	0	0	0	0	0	0	0	0	2	2	0	0	2	0	0	2	0	2	0	4	2	3
NC_001491.2	LoRTIA	intron	104395	105513	5	+	.	GT/AG	12h-1	5	0	0	18	18	11	0	0	0	17	20	17	0	0	0	79	78	99	0	0	0	0	0	0	0	0	0
NC_001491.2	LoRTIA	intron	105163	105513	31	+	.	GT/AG	12h-1	31	11	21	37	24	30	0	0	0	20	18	18	0	0	0	84	73	97	0	0	0	0	0	0	0	0	0
NC_001491.2	LoRTIA	intron	110402	111272	3	.	.		12h-1	3	0	2	0	0	2	0	0	0	0	0	0	4	7	4	7	0	0	0	0	0	0	0	0	2	2	0
NC_001491.2	LoRTIA	intron	111280	112850	3	-	.	GT/AG	12h-1	3	2	2	0	0	2	0	0	0	3	0	0	0	0	0	7	0	2	0	0	0	0	0	0	0	0	0
NC_001491.2	LoRTIA	intron	111488	114109	2	+	.	GC/AG	12h-1	2	2	0	3	0	0	0	0	0	0	0	0	0	0	0	0	0	0	0	0	0	0	0	0	0	0	0
NC_001491.2	LoRTIA	intron	111861	114109	2	+	.	GT/AG	12h-1	2	0	0	0	0	0	0	0	0	0	0	0	0	0	0	0	0	2	0	0	0	0	0	0	0	0	0
NC_001491.2	LoRTIA	intron	121069	121270	16	.	.		12h-1	16	18	12	2	0	2	0	0	0	2	3	2	11	12	13	0	3	8	9	11	12	11	14	12	14	17	24
NC_001491.2	LoRTIA	intron	112354	112470	2	.	.		12h-1	2	0	0	0	0	0	0	0	0	0	0	0	0	0	0	0	0	3	0	0	0	0	0	0	0	0	0
NC_001491.2	LoRTIA	intron	113359	113706	4	.	.		12h-1	4	2	2	5	0	5	0	0	0	4	0	0	0	0	0	23	17	8	0	0	0	0	0	0	0	0	0
NC_001491.2	LoRTIA	intron	118732	119103	19	-	.	GT/AG	12h-1	19	28	19	2	3	0	10	6	7	4	3	0	21	13	23	2	0	8	16	4	7	0	3	0	7	8	26
NC_001491.2	LoRTIA	intron	119137	119460	37	+	.	GT/AG	12h-1	37	32	35	49	29	34	0	0	0	49	37	27	14	13	11	114	99	141	8	4	7	13	13	17	11	11	24
NC_001491.2	LoRTIA	intron	119225	119460	14	+	.	GT/AG	12h-1	14	12	7	29	21	18	0	0	0	31	30	18	0	0	2	133	132	160	0	0	0	0	2	0	0	0	5
NC_001491.2	LoRTIA	intron	119662	120917	13	+	.	GT/AG	12h-1	13	18	11	39	27	24	0	0	0	42	27	22	0	0	0	71	55	133	0	0	0	0	0	0	0	0	0
NC_001491.2	LoRTIA	intron	121049	122149	2	.	.		12h-1	2	3	0	0	0	0	0	0	0	0	0	0	0	0	0	0	0	0	0	0	0	3	2	0	0	3	0
NC_001491.2	LoRTIA	intron	112358	112474	2	.	.		12h-1	2	0	0	0	0	0	0	0	0	0	0	0	0	0	0	0	0	2	0	0	0	0	0	0	0	0	0
NC_001491.2	LoRTIA	intron	125235	125359	3	-	.	GT/AG	12h-1	3	3	0	0	2	0	0	0	0	6	2	3	0	0	0	10	9	40	0	0	0	0	0	0	0	0	0
NC_001491.2	LoRTIA	intron	125476	125567	2	.	.		12h-1	2	7	3	7	4	4	0	0	0	6	2	0	0	0	0	0	0	4	0	0	0	0	0	0	0	2	0
NC_001491.2	LoRTIA	intron	125478	125567	2	+	.	GC/AG	12h-1	2	0	0	0	0	0	0	0	0	0	0	0	0	0	0	0	0	0	0	0	0	0	0	0	0	0	0
NC_001491.2	LoRTIA	intron	141874	142054	38	-	.	GT/AG	12h-1	38	28	25	5	5	0	0	0	0	4	3	0	0	16	13	0	0	15	22	0	32	21	20	20	21	0	41
NC_001491.2	LoRTIA	intron	141880	142075	15	+	.	AT/AC	12h-1	15	6	17	0	2	0	0	0	0	5	3	3	11	7	7	3	0	10	7	13	16	17	10	7	10	13	20
NC_001491.2	LoRTIA	intron	141880	142091	23	+	.	AT/AC	12h-1	23	12	11	0	3	3	0	0	0	0	0	4	0	0	8	0	0	12	11	11	0	14	11	0	0	12	20
NC_001491.2	LoRTIA	intron	141882	142051	27	.	.		12h-1	27	0	0	4	2	0	0	0	0	3	0	0	25	0	11	0	0	0	0	0	0	0	0	0	19	0	0
NC_001491.2	LoRTIA	intron	141890	142091	3	.	.		12h-1	3	7	3	0	0	0	0	0	0	0	0	0	4	3	6	0	0	4	7	8	6	6	3	5	4	9	11
NC_001491.2	LoRTIA	intron	141891	142091	2	.	.		12h-1	2	3	0	0	0	0	0	0	0	0	0	0	0	2	0	0	0	2	0	0	0	0	2	0	4	0	3
NC_001491.2	LoRTIA	intron	141874	142051	500	-	.	GT/AG	12h-1	500	439	479	66	39	34	2	0	0	53	31	27	331	240	191	53	54	259	312	312	395	372	343	296	361	406	724
NC_001491.2	LoRTIA	intron	141891	142075	3	.	.		12h-1	3	6	6	2	0	0	0	0	0	0	0	0	4	0	3	0	0	0	5	3	4	3	3	3	9	2	6
NC_001491.2	LoRTIA	intron	141892	142075	5	.	.		12h-1	5	2	5	0	0	0	0	0	0	0	0	0	4	2	0	0	2	0	2	5	4	0	3	2	2	4	3
NC_001491.2	LoRTIA	intron	141892	142087	3	.	.		12h-1	3	2	3	0	0	0	0	0	0	0	0	0	2	0	0	0	0	0	0	0	0	0	0	0	0	0	0
NC_001491.2	LoRTIA	intron	142243	143498	14	-	.	GT/AG	12h-1	14	18	11	38	27	24	0	0	0	41	28	22	0	0	0	71	54	135	0	0	0	0	0	0	0	0	0
NC_001491.2	LoRTIA	intron	143700	144023	37	-	.	GT/AG	12h-1	37	32	35	49	27	35	0	0	0	49	37	27	14	13	11	113	101	144	8	4	7	13	13	17	11	11	24
NC_001491.2	LoRTIA	intron	143700	143935	14	-	.	GT/AG	12h-1	14	12	7	29	21	18	0	0	0	31	30	18	0	0	2	133	131	159	0	0	0	0	2	0	0	0	5
NC_001491.2	LoRTIA	intron	144057	144428	19	+	.	GT/AG	12h-1	19	28	18	2	3	0	10	6	7	4	3	0	21	14	21	2	0	8	16	4	7	0	3	0	7	8	26
NC_001491.2	LoRTIA	intron	141891	142084	2	.	.		12h-1	2	0	0	0	0	0	0	0	0	0	0	0	0	0	0	0	0	0	0	0	0	0	0	0	0	0	0
NC_001491.2	LoRTIA	intron	141874	142071	2	-	.	GT/AG	12h-1	2	2	2	0	0	0	0	0	0	0	0	0	3	0	0	0	0	0	0	0	0	0	0	3	0	2	7
NC_001491.2	LoRTIA	intron	141874	142075	9	-	.	GT/AG	12h-1	9	5	7	0	4	0	0	0	0	0	0	0	5	6	4	2	3	8	6	7	8	3	3	10	6	10	13
NC_001491.2	LoRTIA	intron	141874	142091	256	-	.	GT/AG	12h-1	256	213	173	78	40	39	0	0	0	75	62	53	195	158	119	128	92	132	189	168	240	205	164	184	180	186	329
NC_001491.2	LoRTIA	intron	125479	125567	8	.	.		12h-1	8	5	8	9	3	6	0	0	0	3	5	4	0	0	0	3	0	2	0	0	0	0	2	0	0	0	4
NC_001491.2	LoRTIA	intron	125482	125567	9	.	.		12h-1	9	0	0	0	5	0	0	0	0	0	0	0	0	0	0	0	0	4	0	0	0	0	0	0	0	0	3
NC_001491.2	LoRTIA	intron	125487	125573	2	.	.		12h-1	2	0	0	0	0	0	0	0	0	0	0	0	0	0	0	0	0	0	0	0	0	0	0	0	0	0	0
NC_001491.2	LoRTIA	intron	125487	125567	4	+	.	GT/AG	12h-1	4	0	0	5	0	0	0	0	0	0	0	0	0	0	0	0	0	0	0	0	0	0	0	0	0	2	0
NC_001491.2	LoRTIA	intron	129203	129962	2	-	.	GT/AG	12h-1	2	0	0	0	0	0	0	0	0	0	0	0	0	0	0	0	0	0	0	0	0	0	0	0	0	0	0
NC_001491.2	LoRTIA	intron	130059	131012	2	.	.		12h-1	2	0	0	0	0	0	0	0	0	0	0	0	0	0	0	0	0	0	0	0	0	0	0	0	0	0	0
NC_001491.2	LoRTIA	intron	132022	132566	2	+	.	GT/AG	12h-1	2	0	0	0	0	0	0	0	0	0	0	0	0	0	0	0	0	0	0	0	0	0	0	0	0	0	0
NC_001491.2	LoRTIA	intron	133132	133197	2	.	.		12h-1	2	0	0	0	0	0	0	0	0	0	0	0	0	0	0	0	2	0	0	0	0	0	0	0	0	0	0
NC_001491.2	LoRTIA	intron	133137	133193	4	.	.		12h-1	4	0	0	0	0	0	0	0	0	0	0	0	0	0	0	0	0	0	0	0	0	0	0	0	0	0	0
NC_001491.2	LoRTIA	intron	137588	137673	5	.	.		12h-1	5	0	0	2	3	0	0	0	0	0	2	0	0	0	0	0	0	0	0	0	0	0	0	0	0	0	3
NC_001491.2	LoRTIA	intron	137593	137681	2	.	.		12h-1	2	0	3	4	0	5	0	0	0	3	0	0	0	0	0	0	0	0	0	0	0	0	0	0	0	0	0
NC_001491.2	LoRTIA	intron	139930	139974	2	.	.		12h-1	2	0	0	0	0	0	0	0	0	0	0	0	0	0	0	0	0	0	0	0	0	0	0	0	0	0	0
NC_001491.2	LoRTIA	intron	141011	142111	2	.	.		12h-1	2	3	0	0	0	0	0	0	0	0	0	0	0	0	0	0	0	0	0	0	0	3	2	0	0	3	0
NC_001491.2	LoRTIA	intron	141577	141775	2	.	.		12h-1	2	0	0	0	0	0	0	0	0	0	0	0	0	0	0	0	0	0	0	0	0	0	0	0	0	0	0
NC_001491.2	LoRTIA	intron	141820	142087	2	-	.	GT/AG	12h-1	2	0	0	0	0	0	0	0	0	0	2	0	0	0	0	0	2	0	0	2	0	0	3	2	0	0	0
NC_001491.2	LoRTIA	intron	104391	105513	15	+	.	GT/AG	12h-1	15	9	11	71	72	71	0	0	0	118	83	81	0	0	0	346	342	411	0	0	0	0	0	0	0	0	0
NC_001491.2	LoRTIA	intron	148492	149057	2	.	.		12h-1	2	2	3	0	0	0	0	0	0	0	0	2	0	0	0	0	0	0	0	0	0	0	0	0	0	0	0
NC_001491.2	LoRTIA	intron	104073	105144	4	.	.		12h-1	4	0	0	0	0	0	0	0	0	0	0	0	0	0	0	0	0	0	0	0	0	0	0	0	0	0	0
NC_001491.2	LoRTIA	intron	98132	102839	2	+	.	GT/AG	12h-1	2	2	0	9	8	11	0	0	0	65	49	39	0	0	0	225	163	206	0	0	0	0	0	0	0	0	0
NC_001491.2	LoRTIA	intron	13653	13837	2	.	.		12h-1	2	2	2	3	0	3	0	0	0	3	3	2	0	0	0	7	3	0	0	0	0	0	0	0	0	0	0
NC_001491.2	LoRTIA	intron	17333	17476	4	-	.	GC/AG	12h-1	4	0	0	0	0	0	0	0	0	0	0	0	0	0	0	0	2	0	0	0	0	0	0	0	0	0	0
NC_001491.2	LoRTIA	intron	17843	18092	4	.	.		12h-1	4	0	0	0	0	3	0	0	0	0	0	0	0	0	0	0	0	0	0	0	0	0	0	0	0	0	0
NC_001491.2	LoRTIA	intron	18255	20308	7	+	.	GT/AG	12h-1	7	0	7	0	0	0	0	0	0	0	0	5	0	0	0	0	5	0	0	0	0	0	0	0	0	0	0
NC_001491.2	LoRTIA	intron	19649	20327	9	.	.		12h-1	9	7	13	16	0	10	0	0	0	18	9	7	0	0	0	22	10	0	0	0	0	0	0	4	5	0	0
NC_001491.2	LoRTIA	intron	24580	24639	74	.	.		12h-1	74	30	41	25	24	13	0	0	0	11	10	4	0	0	0	8	14	12	0	6	0	16	32	26	20	22	28
NC_001491.2	LoRTIA	intron	13410	13529	8	-	.	GT/AG	12h-1	8	3	0	0	4	0	0	0	0	0	0	2	0	0	0	7	0	0	0	0	0	0	0	0	0	0	2
NC_001491.2	LoRTIA	intron	24581	24639	104	.	.		12h-1	104	60	85	56	54	50	0	0	0	18	27	12	0	2	0	24	22	24	8	4	0	35	45	36	35	57	46
NC_001491.2	LoRTIA	intron	24583	24642	10	.	.		12h-1	10	9	9	0	5	5	0	0	0	4	0	0	0	0	0	2	0	0	0	0	0	5	0	0	0	5	6
NC_001491.2	LoRTIA	intron	24584	24642	12	.	.		12h-1	12	8	11	5	6	5	0	0	0	0	2	0	0	0	0	5	3	0	0	0	0	0	4	6	4	6	0
NC_001491.2	LoRTIA	intron	24590	24645	174	.	.		12h-1	174	113	152	78	73	46	0	0	0	17	20	18	4	0	0	30	24	46	4	11	6	77	65	67	44	90	84
NC_001491.2	LoRTIA	intron	26138	26200	2	.	.		12h-1	2	3	0	3	0	0	0	0	0	0	4	3	0	0	0	8	4	0	0	0	0	0	0	0	0	0	0
NC_001491.2	LoRTIA	intron	31892	32692	3	.	.		12h-1	3	0	0	0	2	2	0	0	0	0	0	2	0	0	0	0	0	0	0	0	0	0	0	0	0	0	0
NC_001491.2	LoRTIA	intron	32978	34607	3	+	.	GT/AG	12h-1	3	0	0	0	0	0	0	0	0	0	2	0	0	0	0	0	0	0	0	0	0	0	0	0	0	0	0
NC_001491.2	LoRTIA	intron	24583	24639	40	.	.		12h-1	40	23	18	11	9	7	0	0	0	5	3	2	0	0	0	6	5	6	0	2	0	9	5	6	5	14	16
NC_001491.2	LoRTIA	intron	35155	35798	6	-	.	GT/AG	12h-1	6	0	0	0	0	0	0	0	0	0	0	0	0	0	0	0	0	0	0	0	0	0	0	0	0	0	0
NC_001491.2	LoRTIA	intron	13410	14814	14	-	.	GT/AG	12h-1	14	13	8	27	15	16	0	0	0	24	17	26	0	0	0	37	40	44	0	0	0	0	0	0	2	0	5
NC_001491.2	LoRTIA	intron	12736	13039	8	-	.	GC/AG	12h-1	8	13	25	0	0	0	0	0	0	3	3	0	0	0	0	0	5	0	0	0	0	0	2	4	2	0	0
NC_001491.2	LoRTIA	intron	6689	9509	25	+	.	GT/AG	12h-1	25	8	20	18	14	13	0	0	0	22	12	10	0	0	0	46	35	42	0	0	0	0	0	0	0	0	0
NC_001491.2	LoRTIA	intron	6851	9509	2	+	.	GT/AG	12h-1	2	2	2	5	4	8	0	0	0	7	7	8	0	0	0	13	12	16	0	0	0	0	0	0	0	0	0
NC_001491.2	LoRTIA	intron	7251	9509	3	+	.	GT/AG	12h-1	3	2	2	8	9	3	0	0	0	10	2	4	0	0	0	7	2	7	0	0	0	0	0	0	0	0	0
NC_001491.2	LoRTIA	intron	7257	7294	2	+	.	GT/AG	12h-1	2	0	0	0	0	0	0	0	0	0	0	0	0	0	0	0	0	0	0	0	0	0	0	0	0	0	0
NC_001491.2	LoRTIA	intron	7875	9509	38	+	.	GT/AG	12h-1	38	25	25	28	22	21	0	0	0	39	37	27	0	0	0	48	50	56	0	0	0	0	0	0	0	0	0
NC_001491.2	LoRTIA	intron	8840	9509	3	+	.	GT/AG	12h-1	3	2	0	0	0	0	0	0	0	0	0	0	0	0	0	4	0	3	0	0	0	0	0	0	0	0	0
NC_001491.2	LoRTIA	intron	12741	13043	8	.	.		12h-1	8	8	0	0	3	0	0	0	0	4	2	2	0	0	0	8	0	0	0	0	0	0	0	4	3	0	0
NC_001491.2	LoRTIA	intron	9234	9509	5	+	.	GT/AG	12h-1	5	0	0	2	2	0	0	0	0	0	0	0	0	0	0	0	0	0	0	0	0	0	0	0	0	0	0
NC_001491.2	LoRTIA	intron	11127	11278	2	.	.		12h-1	2	0	2	2	4	0	0	0	0	0	0	0	0	0	0	3	0	0	0	0	0	2	0	0	0	0	0
NC_001491.2	LoRTIA	intron	11481	12353	2	.	.		12h-1	2	0	0	0	0	0	0	0	0	0	0	0	0	0	0	2	0	0	0	0	0	0	0	0	0	0	0
NC_001491.2	LoRTIA	intron	11597	13133	14	-	.	GT/AG	12h-1	14	6	6	46	25	35	0	0	0	47	41	45	0	0	0	62	48	64	0	0	0	0	0	0	2	0	0
NC_001491.2	LoRTIA	intron	12196	13133	13	-	.	GT/AG	12h-1	13	5	6	5	11	9	0	0	0	11	6	10	0	0	0	16	22	30	0	0	0	0	0	0	3	0	0
NC_001491.2	LoRTIA	intron	12378	13133	10	-	.	GT/AG	12h-1	10	11	3	6	0	7	0	0	0	8	3	3	0	0	0	6	5	6	0	0	0	0	0	0	0	0	3
NC_001491.2	LoRTIA	intron	12410	13043	4	.	.		12h-1	4	6	4	0	3	2	0	0	0	4	2	0	0	0	0	0	3	0	0	0	0	2	0	0	0	0	0
NC_001491.2	LoRTIA	intron	9555	10681	28	+	.	GT/AG	12h-1	28	13	18	43	29	28	0	0	0	39	20	25	0	0	0	38	44	38	0	0	0	0	0	0	0	0	0
NC_001491.2	LoRTIA	intron	44884	44974	3	-	.	GT/AG	12h-1	3	2	3	0	0	0	0	0	0	0	0	0	0	0	0	0	0	4	0	0	0	0	0	0	0	0	0
NC_001491.2	LoRTIA	intron	63631	63991	32	+	.	GT/AG	12h-1	32	19	15	17	19	7	0	0	0	17	16	6	0	0	0	12	9	0	0	0	0	2	0	3	2	0	2
NC_001491.2	LoRTIA	intron	66371	69899	2	.	.		12h-1	2	0	2	0	0	0	0	0	0	0	0	0	0	0	0	0	0	3	0	0	0	0	0	0	0	0	0
NC_001491.2	LoRTIA	intron	80607	80670	9	.	.		12h-1	9	0	8	4	0	0	0	0	0	5	0	7	0	0	0	0	4	0	0	0	0	0	0	0	2	0	0
NC_001491.2	LoRTIA	intron	83442	84179	7	-	.	GC/AG	12h-1	7	3	4	8	8	12	0	0	0	5	8	10	0	0	0	16	14	15	0	0	0	0	0	0	0	0	0
NC_001491.2	LoRTIA	intron	84321	84434	48	-	.	GT/AG	12h-1	48	26	41	22	20	20	0	0	0	26	19	14	0	0	0	33	24	27	0	0	0	3	2	2	7	13	16
NC_001491.2	LoRTIA	intron	84321	84928	35	-	.	GT/AG	12h-1	35	24	27	31	27	15	0	0	0	34	29	25	0	0	0	40	40	78	0	0	0	2	0	0	2	2	5
NC_001491.2	LoRTIA	intron	84321	87885	139	-	.	GT/AG	12h-1	139	92	87	45	28	28	0	0	0	48	44	34	4	4	2	64	42	69	13	9	9	10	17	19	25	39	50
NC_001491.2	LoRTIA	intron	84321	89991	6	-	.	GT/AG	12h-1	6	0	5	5	0	2	0	0	0	0	3	0	0	0	0	5	6	8	0	0	2	3	3	2	2	2	5
NC_001491.2	LoRTIA	intron	80236	81845	32	.	.		12h-1	32	35	28	10	7	0	0	0	0	9	8	8	0	0	0	13	12	0	0	0	0	2	2	2	0	6	8
NC_001491.2	LoRTIA	intron	84321	90575	3	-	.	GT/AG	12h-1	3	0	0	0	0	0	0	0	0	0	0	0	0	0	0	0	0	0	0	0	0	0	0	0	0	0	0
NC_001491.2	LoRTIA	intron	84321	91888	16	-	.	GT/AG	12h-1	16	6	5	23	11	11	0	0	0	27	12	22	0	0	0	36	18	27	0	0	0	0	0	0	0	0	0
NC_001491.2	LoRTIA	intron	84321	92233	5	-	.	GT/AG	12h-1	5	6	7	8	5	2	0	0	0	5	4	6	0	0	0	8	6	6	0	0	0	0	0	0	0	0	0
NC_001491.2	LoRTIA	intron	94030	94257	14	.	.		12h-1	14	11	15	15	8	5	0	0	0	15	7	3	0	0	0	21	17	8	0	0	0	2	2	5	4	0	7
NC_001491.2	LoRTIA	intron	94101	94532	8	.	.		12h-1	8	2	6	5	0	0	0	0	0	0	3	0	0	0	0	7	0	0	0	0	0	0	0	0	0	0	2
NC_001491.2	LoRTIA	intron	94116	94553	2	+	.	GT/AG	12h-1	2	0	0	0	0	0	0	0	0	0	0	0	0	0	0	0	0	0	0	0	0	0	0	0	0	0	0
NC_001491.2	LoRTIA	intron	96572	96943	5	+	.	GT/AG	12h-1	5	2	0	10	19	13	0	0	0	117	75	77	0	0	0	318	175	228	0	0	0	0	0	0	0	0	0
NC_001491.2	LoRTIA	intron	84321	91000	10	-	.	GT/AG	12h-1	10	7	3	3	2	0	0	0	0	3	0	2	0	0	0	4	2	9	0	0	0	0	0	0	0	0	0
NC_001491.2	LoRTIA	intron	78331	78778	20	-	.	GT/AG	12h-1	20	11	14	0	0	0	0	0	0	0	0	0	0	0	0	0	0	0	0	0	0	0	0	0	3	6	10
NC_001491.2	LoRTIA	intron	78314	78789	10	.	.		12h-1	10	0	8	0	0	0	0	0	0	0	4	0	0	0	0	0	0	0	0	0	0	0	0	0	3	5	0
NC_001491.2	LoRTIA	intron	78309	78778	164	.	.		12h-1	164	63	89	8	5	8	0	0	0	16	20	9	0	0	0	17	13	0	0	0	0	0	2	2	26	28	38
NC_001491.2	LoRTIA	intron	66377	69903	26	+	.	GT/AG	12h-1	26	19	28	14	4	16	0	0	0	20	8	10	0	0	0	22	13	28	0	0	0	0	0	0	0	2	4
NC_001491.2	LoRTIA	intron	66755	69903	11	+	.	GT/AG	12h-1	11	5	4	15	17	11	0	0	0	19	16	8	0	0	0	24	15	19	0	0	0	0	0	0	0	0	0
NC_001491.2	LoRTIA	intron	66990	69903	4	+	.	GT/AG	12h-1	4	3	5	13	12	6	0	0	0	15	11	17	0	0	0	18	12	21	0	0	0	0	0	0	0	0	0
NC_001491.2	LoRTIA	intron	67727	69903	3	+	.	GT/AG	12h-1	3	3	0	4	2	0	0	0	0	2	0	0	0	0	0	3	3	0	0	0	0	0	0	0	0	0	0
NC_001491.2	LoRTIA	intron	67899	68804	3	.	.		12h-1	3	0	3	0	0	2	0	0	0	0	0	0	0	0	0	2	0	0	0	0	0	0	0	0	3	0	0
NC_001491.2	LoRTIA	intron	68514	69903	12	+	.	GT/AG	12h-1	12	8	10	19	18	11	0	0	0	26	14	13	0	0	0	27	33	30	0	0	0	0	0	0	0	0	0
NC_001491.2	LoRTIA	intron	68848	69903	2	+	.	GT/AG	12h-1	2	2	4	0	0	0	0	0	0	0	3	0	0	0	0	4	2	5	0	0	0	0	0	0	0	0	0
NC_001491.2	LoRTIA	intron	70016	70333	3	.	.		12h-1	3	0	0	0	0	0	0	0	0	0	0	0	0	0	0	0	0	0	0	0	0	0	0	0	0	0	0
NC_001491.2	LoRTIA	intron	74360	74406	3	.	.		12h-1	3	0	0	0	3	0	0	0	0	3	0	2	0	0	0	5	0	0	0	0	0	0	0	0	0	0	0
NC_001491.2	LoRTIA	intron	74378	74417	2	.	.		12h-1	2	0	0	2	0	0	0	0	0	0	0	0	0	0	0	0	0	0	0	0	0	0	0	0	0	0	0
NC_001491.2	LoRTIA	intron	74386	74426	3	.	.		12h-1	3	0	4	2	2	2	0	0	0	0	0	0	0	0	0	2	0	0	0	0	0	0	0	0	0	0	0
NC_001491.2	LoRTIA	intron	74386	74430	2	.	.		12h-1	2	0	2	0	0	0	0	0	0	0	2	0	0	0	0	2	0	0	0	0	0	0	0	0	0	0	0
NC_001491.2	LoRTIA	intron	74386	74591	2	+	.	GT/AG	12h-1	2	0	0	0	0	0	0	0	0	0	0	0	0	0	0	0	0	0	0	0	0	0	0	0	0	0	0
NC_001491.2	LoRTIA	intron	74685	77085	2	+	.	GT/AG	12h-1	2	0	0	0	0	0	0	0	0	0	2	0	0	0	0	0	0	0	0	0	0	0	0	0	0	0	0
NC_001491.2	LoRTIA	intron	76133	76252	2	.	.		12h-1	2	0	0	0	0	0	0	0	0	0	0	0	0	0	0	0	0	0	0	0	0	0	0	0	0	0	0
NC_001491.2	LoRTIA	intron	103770	105513	13	+	.	GT/AG	12h-1	13	11	10	86	91	78	0	0	0	175	132	131	0	0	0	396	387	477	0	0	0	0	0	0	0	0	0
NC_001491.2	LoRTIA	intron	149370	149717	2	.	.		12h-1	2	0	0	2	0	2	0	0	0	3	0	0	0	0	0	17	13	8	0	0	0	0	0	0	0	0	0
NC_001491.2	LoRTIA	intron	58	1105	2	.	.		12h-2	0	2	0	0	0	0	0	0	0	0	0	0	0	0	0	0	0	0	0	0	0	0	0	0	0	0	0
NC_001491.2	LoRTIA	intron	121069	121268	3	.	.		12h-2	0	3	2	0	0	0	0	0	0	0	0	0	0	0	3	0	0	0	2	0	2	0	0	0	0	0	2
NC_001491.2	LoRTIA	intron	121109	121150	3	.	.		12h-2	0	3	0	0	0	0	0	0	0	0	0	0	0	0	0	4	0	3	0	0	0	0	0	0	0	3	0
NC_001491.2	LoRTIA	intron	121151	121286	2	+	.	GT/AG	12h-2	0	2	0	0	0	0	0	0	0	0	0	0	0	0	0	0	0	0	0	0	0	0	0	0	0	0	0
NC_001491.2	LoRTIA	intron	121085	121267	2	.	.		12h-2	0	2	0	0	0	0	0	0	0	0	0	0	0	2	0	0	0	0	0	0	2	0	0	2	2	0	0
NC_001491.2	LoRTIA	intron	122164	122405	2	-	.	GT/AG	12h-2	0	2	0	0	0	0	0	0	0	0	0	0	0	0	0	0	0	0	0	0	0	0	0	0	0	0	0
NC_001491.2	LoRTIA	intron	121051	122149	2	.	.		12h-2	0	2	0	0	0	0	0	0	0	0	0	0	0	0	0	0	0	0	0	2	2	0	0	0	0	0	0
NC_001491.2	LoRTIA	intron	120139	120632	2	.	.		12h-2	0	2	0	0	0	0	0	0	0	0	0	0	0	0	0	0	0	0	0	0	0	0	0	0	0	0	0
NC_001491.2	LoRTIA	intron	108728	111231	2	.	.		12h-2	0	2	0	0	0	0	0	0	0	0	0	0	0	0	0	0	0	0	0	0	0	0	0	0	0	0	0
NC_001491.2	LoRTIA	intron	110393	111323	2	.	.		12h-2	0	2	0	0	0	0	0	0	0	0	0	0	0	0	0	0	0	0	0	0	0	0	0	0	0	0	0
NC_001491.2	LoRTIA	intron	110860	111336	3	+	.	GT/AG	12h-2	0	3	0	2	0	0	0	0	0	0	0	0	0	0	0	3	2	0	0	0	0	0	0	0	0	0	0
NC_001491.2	LoRTIA	intron	112362	112440	2	.	.		12h-2	0	2	0	0	0	0	0	0	0	0	0	0	0	0	0	2	0	0	0	0	0	0	0	0	0	0	0
NC_001491.2	LoRTIA	intron	114100	114662	2	.	.		12h-2	0	2	0	0	0	0	0	0	0	0	0	0	0	0	0	0	0	0	0	0	0	0	0	0	0	0	0
NC_001491.2	LoRTIA	intron	114546	114618	2	.	.		12h-2	0	2	0	0	0	0	0	0	0	0	0	0	0	0	0	0	0	0	0	0	0	0	0	0	0	0	0
NC_001491.2	LoRTIA	intron	118929	119063	2	+	.	GT/AG	12h-2	0	2	3	3	3	2	0	0	0	4	7	2	0	0	0	10	10	7	0	0	0	0	0	0	0	0	0
NC_001491.2	LoRTIA	intron	120133	120633	2	.	.		12h-2	0	2	0	0	0	0	0	0	0	2	0	0	0	0	0	0	0	0	0	0	0	0	0	0	0	0	0
NC_001491.2	LoRTIA	intron	114505	114636	2	.	.		12h-2	0	2	0	0	0	0	0	0	0	0	0	0	0	0	0	0	0	0	0	0	0	0	0	0	0	0	0
NC_001491.2	LoRTIA	intron	141882	142069	3	.	.		12h-2	0	3	0	0	0	0	0	0	0	0	0	0	0	0	0	0	0	0	0	0	0	0	0	0	0	0	0
NC_001491.2	LoRTIA	intron	141886	142087	12	.	.		12h-2	0	12	0	0	0	0	0	0	0	0	0	0	12	0	0	0	0	0	0	0	0	0	10	0	0	0	0
NC_001491.2	LoRTIA	intron	141940	141981	2	.	.		12h-2	0	2	0	0	0	0	0	0	0	0	0	0	0	0	0	5	3	2	0	0	0	3	0	0	0	3	0
NC_001491.2	LoRTIA	intron	142526	143019	2	.	.		12h-2	0	2	0	0	0	0	0	0	0	0	0	0	0	0	0	0	0	0	0	0	0	0	0	0	0	0	0
NC_001491.2	LoRTIA	intron	142527	143027	2	.	.		12h-2	0	2	0	0	0	0	0	0	0	2	0	0	0	0	0	0	0	0	0	0	0	0	0	0	0	0	0
NC_001491.2	LoRTIA	intron	144097	144231	2	-	.	GT/AG	12h-2	0	2	3	3	3	2	0	0	0	4	7	2	0	0	0	10	9	7	0	0	0	0	0	0	0	0	0
NC_001491.2	LoRTIA	intron	141874	142009	2	-	.	GT/AG	12h-2	0	2	0	0	0	0	0	0	0	0	0	0	0	0	0	0	0	0	0	0	0	0	0	0	0	0	0
NC_001491.2	LoRTIA	intron	125483	125647	2	.	.		12h-2	0	2	0	2	0	0	0	0	0	0	0	0	0	0	0	0	0	0	0	0	0	0	0	0	0	0	0
NC_001491.2	LoRTIA	intron	129098	129458	2	.	.		12h-2	0	2	0	0	0	0	0	0	0	0	0	0	0	0	0	2	0	0	0	0	0	0	0	0	0	0	0
NC_001491.2	LoRTIA	intron	129173	129596	2	-	.	GT/AG	12h-2	0	2	0	0	0	0	0	0	0	2	0	2	0	0	0	3	0	0	0	0	0	0	0	0	0	0	0
NC_001491.2	LoRTIA	intron	133266	133431	2	-	.	GT/AG	12h-2	0	2	0	0	0	0	0	0	0	0	0	0	0	0	0	0	0	0	0	0	0	0	0	0	0	0	0
NC_001491.2	LoRTIA	intron	137593	137684	2	.	.		12h-2	0	2	0	0	2	2	0	0	0	0	0	2	0	0	0	0	0	0	0	0	0	0	0	0	0	0	2
NC_001491.2	LoRTIA	intron	137702	138055	2	.	.		12h-2	0	2	0	0	0	0	0	0	0	0	0	0	0	0	0	0	0	0	0	0	0	0	0	0	0	0	0
NC_001491.2	LoRTIA	intron	137801	137925	2	+	.	GT/AG	12h-2	0	2	0	0	2	0	0	0	0	4	0	2	0	0	0	9	6	26	0	0	0	0	0	0	0	0	0
NC_001491.2	LoRTIA	intron	139044	139311	2	-	.	GT/AG	12h-2	0	2	0	0	0	0	0	0	0	0	0	0	0	0	0	0	0	0	0	0	0	0	0	0	0	0	0
NC_001491.2	LoRTIA	intron	141011	142109	2	.	.		12h-2	0	2	0	0	0	0	0	0	0	0	0	0	0	0	0	0	0	0	0	2	2	0	0	0	0	0	0
NC_001491.2	LoRTIA	intron	141874	142030	2	-	.	GT/AG	12h-2	0	2	0	0	0	0	0	0	0	0	0	0	0	2	0	0	0	0	0	0	0	0	0	0	0	0	0
NC_001491.2	LoRTIA	intron	140755	140996	3	+	.	GT/AG	12h-2	0	3	0	0	0	0	0	0	0	0	0	0	0	0	0	0	0	0	0	0	0	4	0	0	0	0	0
NC_001491.2	LoRTIA	intron	148519	148650	2	.	.		12h-2	0	2	0	0	0	0	0	0	0	0	0	0	0	0	0	0	0	0	0	0	0	0	0	0	0	0	0
NC_001491.2	LoRTIA	intron	103590	105513	2	+	.	GT/AG	12h-2	0	2	0	0	0	0	0	0	0	17	11	10	0	0	0	39	45	59	0	0	0	0	0	0	0	0	0
NC_001491.2	LoRTIA	intron	16358	17540	2	.	.		12h-2	0	2	0	0	0	0	0	0	0	0	0	0	0	0	0	0	0	0	0	0	0	0	0	0	0	0	0
NC_001491.2	LoRTIA	intron	21627	22841	2	+	.	GC/AG	12h-2	0	2	0	0	0	0	0	0	0	0	0	0	0	0	0	0	0	0	0	0	0	0	0	0	0	0	0
NC_001491.2	LoRTIA	intron	21799	22053	2	.	.		12h-2	0	2	0	0	0	0	0	0	0	0	0	0	0	0	0	0	0	0	0	0	0	0	0	0	0	0	0
NC_001491.2	LoRTIA	intron	24560	25068	7	.	.		12h-2	0	7	5	0	3	3	0	0	0	0	0	0	0	0	0	0	0	2	0	0	0	0	0	2	0	0	0
NC_001491.2	LoRTIA	intron	28017	28202	4	.	.		12h-2	0	4	0	0	0	0	0	0	0	0	0	0	0	0	0	3	0	0	0	0	0	0	0	0	0	0	0
NC_001491.2	LoRTIA	intron	31630	32632	2	.	.		12h-2	0	2	0	0	0	0	0	0	0	0	0	0	0	0	0	0	0	0	0	0	0	0	0	0	0	0	0
NC_001491.2	LoRTIA	intron	31661	32691	2	.	.		12h-2	0	2	0	0	0	0	0	0	0	0	0	0	0	0	0	0	0	0	0	0	0	0	0	0	0	0	0
NC_001491.2	LoRTIA	intron	31664	32697	2	.	.		12h-2	0	2	0	0	0	0	0	0	0	0	0	0	0	0	0	0	0	0	0	0	0	0	0	0	0	0	0
NC_001491.2	LoRTIA	intron	31689	32679	2	.	.		12h-2	0	2	0	0	0	0	0	0	0	0	0	0	0	0	0	0	0	0	0	0	0	0	0	0	0	0	0
NC_001491.2	LoRTIA	intron	13619	13867	3	.	.		12h-2	0	3	0	0	0	0	0	0	0	0	2	0	0	0	0	8	7	0	0	0	0	0	0	0	0	0	0
NC_001491.2	LoRTIA	intron	2902	3525	2	.	.		12h-2	0	2	0	0	0	0	0	0	0	0	0	0	0	0	0	0	0	0	0	0	0	0	0	0	0	0	0
NC_001491.2	LoRTIA	intron	4666	8974	2	.	.		12h-2	0	2	0	0	0	0	0	0	0	0	0	0	0	0	0	0	0	0	0	0	0	0	0	0	0	0	0
NC_001491.2	LoRTIA	intron	5783	6221	2	.	.		12h-2	0	2	0	0	0	0	0	0	0	0	0	0	0	0	0	0	0	0	0	0	0	0	0	0	0	0	0
NC_001491.2	LoRTIA	intron	12743	13046	4	.	.		12h-2	0	4	0	0	0	0	0	0	0	0	0	0	0	0	0	0	0	0	0	0	0	0	0	0	0	0	0
NC_001491.2	LoRTIA	intron	31910	32647	2	.	.		12h-2	0	2	0	0	0	0	0	0	0	0	0	0	0	0	0	0	0	0	0	0	0	0	0	0	0	0	0
NC_001491.2	LoRTIA	intron	33477	33553	2	+	.	GC/AG	12h-2	0	2	0	0	0	0	0	0	0	0	0	0	0	0	0	0	0	0	0	0	0	0	0	0	0	0	0
NC_001491.2	LoRTIA	intron	83878	84179	2	-	.	GC/AG	12h-2	0	2	0	2	0	0	0	0	0	0	0	0	0	0	0	5	0	2	0	0	0	0	0	0	0	0	0
NC_001491.2	LoRTIA	intron	83880	84181	2	.	.		12h-2	0	2	0	0	0	0	0	0	0	0	0	0	0	0	0	0	0	0	0	0	0	0	0	0	0	0	0
NC_001491.2	LoRTIA	intron	94030	94244	3	.	.		12h-2	0	3	0	0	0	3	0	0	0	0	0	0	0	0	0	0	0	0	0	0	0	0	0	0	0	0	0
NC_001491.2	LoRTIA	intron	94034	94263	2	.	.		12h-2	0	2	0	0	0	0	0	0	0	0	0	0	0	0	0	0	0	0	0	0	0	0	0	0	0	0	0
NC_001491.2	LoRTIA	intron	102950	103660	2	-	.	GT/AG	12h-2	0	2	0	0	0	0	0	0	0	0	0	0	0	0	0	0	0	0	0	0	0	0	0	0	0	0	0
NC_001491.2	LoRTIA	intron	33035	33072	2	.	.		12h-2	0	2	0	0	0	0	0	0	0	0	0	0	0	0	0	0	0	0	0	0	0	0	0	0	0	0	0
NC_001491.2	LoRTIA	intron	77740	80786	7	.	.		12h-2	0	7	5	0	2	0	0	0	0	4	0	0	0	0	0	0	0	0	0	0	0	0	0	0	0	0	0
NC_001491.2	LoRTIA	intron	35795	35940	3	+	.	GT/AG	12h-2	0	3	3	3	2	0	0	0	0	2	3	3	0	0	0	5	10	10	0	0	0	0	0	0	0	0	0
NC_001491.2	LoRTIA	intron	50401	51220	2	.	.		12h-2	0	2	0	0	0	0	0	0	0	0	0	0	0	0	0	0	0	0	0	0	0	0	0	0	0	0	0
NC_001491.2	LoRTIA	intron	57441	59104	3	-	.	GT/AG	12h-2	0	3	4	0	0	2	0	0	0	0	0	0	0	0	0	0	0	0	0	0	0	0	0	0	0	0	0
NC_001491.2	LoRTIA	intron	67890	68794	2	.	.		12h-2	0	2	0	0	0	0	0	0	0	0	0	0	0	0	0	2	0	0	0	0	0	0	0	0	0	0	0
NC_001491.2	LoRTIA	intron	71548	73648	2	.	.		12h-2	0	2	0	0	0	0	0	0	0	0	0	0	0	0	0	0	0	0	0	0	0	0	0	0	0	0	0
NC_001491.2	LoRTIA	intron	72098	73587	3	.	.		12h-2	0	3	0	0	0	0	0	0	0	0	0	0	0	0	0	0	0	0	0	0	0	0	0	0	0	0	0
NC_001491.2	LoRTIA	intron	74386	74453	2	+	.	GT/AG	12h-2	0	2	0	4	0	2	0	0	0	4	0	0	0	0	0	0	0	0	0	0	0	0	0	0	0	0	0
NC_001491.2	LoRTIA	intron	77736	80782	5	.	.		12h-2	0	5	0	0	2	0	0	0	0	5	4	0	0	0	0	0	0	0	0	0	0	0	0	0	0	0	0
NC_001491.2	LoRTIA	intron	148540	148612	2	.	.		12h-2	0	2	0	0	0	0	0	0	0	0	0	0	0	0	0	0	0	0	0	0	0	0	0	0	0	0	0
NC_001491.2	LoRTIA	intron	86	1009	2	.	.		12h-3	0	0	2	0	0	0	0	0	0	0	0	0	0	0	0	0	0	0	0	0	0	0	0	0	0	0	0
NC_001491.2	LoRTIA	intron	121085	121275	2	.	.		12h-3	0	0	2	0	0	2	0	0	0	0	0	0	2	2	0	0	0	0	2	0	2	3	0	0	0	6	2
NC_001491.2	LoRTIA	intron	121085	121270	2	.	.		12h-3	0	0	2	0	0	0	0	0	0	0	0	0	0	0	0	0	0	0	0	0	3	0	0	0	0	0	2
NC_001491.2	LoRTIA	intron	119225	119464	2	.	.		12h-3	0	0	2	0	0	0	0	0	0	0	0	0	0	0	0	0	0	0	0	0	0	0	0	0	0	0	0
NC_001491.2	LoRTIA	intron	97270	98637	2	.	.		12h-3	0	0	2	0	0	0	0	0	0	0	0	0	0	0	0	0	0	0	0	0	0	0	0	0	0	0	0
NC_001491.2	LoRTIA	intron	99378	99576	2	.	.		12h-3	0	0	2	0	0	0	0	0	0	0	0	0	0	0	0	0	0	0	0	0	0	0	0	0	0	0	0
NC_001491.2	LoRTIA	intron	99378	99787	2	.	.		12h-3	0	0	2	0	0	0	0	0	0	0	0	0	0	0	0	0	0	0	0	0	0	0	0	0	0	0	0
NC_001491.2	LoRTIA	intron	103770	104226	3	+	.	GT/AG	12h-3	0	0	3	10	9	7	0	0	0	18	16	17	0	0	0	85	85	111	0	0	0	0	0	0	0	0	0
NC_001491.2	LoRTIA	intron	104072	105143	2	.	.		12h-3	0	0	2	0	0	0	0	0	0	0	0	0	0	0	0	0	0	0	0	0	0	0	0	0	0	0	0
NC_001491.2	LoRTIA	intron	113359	113766	2	.	.		12h-3	0	0	2	0	0	0	0	0	0	0	0	0	0	0	0	2	0	2	0	0	0	0	0	0	0	0	0
NC_001491.2	LoRTIA	intron	114100	114665	2	.	.		12h-3	0	0	2	0	0	0	0	0	0	0	0	2	0	0	0	0	0	0	0	0	0	0	0	0	0	0	0
NC_001491.2	LoRTIA	intron	143696	143935	2	.	.		12h-3	0	0	2	0	0	0	0	0	0	0	0	0	0	0	0	0	0	0	0	0	0	0	0	0	0	0	0
NC_001491.2	LoRTIA	intron	141886	142075	2	.	.		12h-3	0	0	2	0	0	0	0	0	0	0	0	0	0	0	0	0	0	0	0	0	0	0	0	2	0	0	2
NC_001491.2	LoRTIA	intron	121790	122044	2	.	.		12h-3	0	0	2	0	0	0	0	0	0	0	0	0	0	0	0	0	0	0	0	0	0	0	0	2	0	0	0
NC_001491.2	LoRTIA	intron	121796	122044	2	+	.	GT/AG	12h-3	0	0	2	0	0	0	0	0	0	0	0	0	0	0	0	0	0	0	0	0	0	0	0	0	0	0	0
NC_001491.2	LoRTIA	intron	123855	124127	2	.	.		12h-3	0	0	2	0	0	0	0	0	0	0	0	0	0	0	0	0	0	0	0	0	0	0	0	0	0	0	0
NC_001491.2	LoRTIA	intron	124828	125111	6	.	.		12h-3	0	0	6	0	0	3	0	0	0	0	0	0	2	0	0	0	0	0	2	3	4	0	4	0	0	0	0
NC_001491.2	LoRTIA	intron	121109	121278	21	.	.		12h-3	0	0	21	3	0	0	0	0	0	3	0	0	23	0	11	0	0	0	16	16	0	0	0	15	17	0	0
NC_001491.2	LoRTIA	intron	132462	134047	2	.	.		12h-3	0	0	2	0	0	0	0	0	0	0	0	0	0	0	0	0	0	0	0	0	0	0	0	0	0	0	0
NC_001491.2	LoRTIA	intron	137593	137682	2	-	.	GC/AG	12h-3	0	0	2	0	0	0	0	0	0	0	0	0	0	0	0	0	0	0	0	0	0	0	0	0	0	0	0
NC_001491.2	LoRTIA	intron	138048	138331	6	.	.		12h-3	0	0	6	0	0	3	0	0	0	0	0	0	2	0	0	0	0	0	2	3	4	0	4	0	0	0	0
NC_001491.2	LoRTIA	intron	141116	141364	2	-	.	GT/AG	12h-3	0	0	2	0	0	0	0	0	0	0	0	0	0	0	0	0	0	0	0	0	0	0	0	0	0	0	0
NC_001491.2	LoRTIA	intron	141116	141370	2	.	.		12h-3	0	0	2	0	0	0	0	0	0	0	0	0	0	0	0	0	0	0	0	0	0	0	0	2	0	0	0
NC_001491.2	LoRTIA	intron	127533	128043	2	.	.		12h-3	0	0	2	0	0	0	0	0	0	0	0	0	0	0	0	0	0	0	0	0	0	0	0	0	0	0	0
NC_001491.2	LoRTIA	intron	84323	84928	2	.	.		12h-3	0	0	2	0	0	0	0	0	0	0	2	0	0	0	0	0	0	0	0	0	0	0	0	0	0	0	0
NC_001491.2	LoRTIA	intron	31928	32631	2	.	.		12h-3	0	0	2	0	0	0	0	0	0	0	0	0	0	0	0	0	0	0	0	0	0	0	0	0	0	0	0
NC_001491.2	LoRTIA	intron	18331	18862	2	+	.	AT/AC	12h-3	0	0	2	0	0	0	0	0	0	0	0	0	0	0	0	0	0	0	0	0	0	0	0	0	0	0	0
NC_001491.2	LoRTIA	intron	14704	14814	3	-	.	GT/AG	12h-3	0	0	3	0	0	0	0	0	0	0	0	3	0	0	0	0	0	7	0	0	0	0	0	0	0	0	0
NC_001491.2	LoRTIA	intron	13743	13836	3	.	.		12h-3	0	0	3	0	0	0	0	0	0	0	2	0	0	0	0	0	0	0	0	0	0	0	0	0	0	0	0
NC_001491.2	LoRTIA	intron	91	1018	2	.	.		12h-3	0	0	2	0	0	0	0	0	0	0	0	0	0	0	0	0	0	0	0	0	0	0	0	0	0	0	0
NC_001491.2	LoRTIA	intron	937	1112	2	-	.	GC/AG	12h-3	0	0	2	0	0	0	0	0	0	0	0	0	0	0	0	0	3	2	0	0	0	0	0	0	0	0	0
NC_001491.2	LoRTIA	intron	1526	1581	2	-	.	GT/AG	12h-3	0	0	2	0	0	0	0	0	0	0	0	0	0	0	0	0	0	0	0	0	0	0	0	0	0	0	0
NC_001491.2	LoRTIA	intron	5035	6539	2	+	.	GT/AG	12h-3	0	0	2	0	0	0	0	0	0	0	0	0	0	0	0	0	0	0	0	0	0	0	0	0	0	0	0
NC_001491.2	LoRTIA	intron	32124	32810	2	.	.		12h-3	0	0	2	0	0	0	0	0	0	0	0	0	0	0	0	0	0	0	0	0	0	0	0	0	0	0	0
NC_001491.2	LoRTIA	intron	12399	13049	3	.	.		12h-3	0	0	3	0	0	0	0	0	0	0	0	0	0	0	0	0	0	0	0	0	0	0	0	0	0	0	0
NC_001491.2	LoRTIA	intron	32307	32476	2	.	.		12h-3	0	0	2	0	0	0	0	0	0	0	0	0	0	0	0	0	0	0	0	0	0	0	0	0	0	0	0
NC_001491.2	LoRTIA	intron	32379	32505	2	+	.	GT/AG	12h-3	0	0	2	0	0	2	0	0	0	0	0	0	0	0	0	0	0	0	0	0	0	0	0	0	0	0	0
NC_001491.2	LoRTIA	intron	78297	78778	5	-	.	GT/AG	12h-3	0	0	5	0	0	0	0	0	0	0	0	0	0	0	0	0	0	0	0	0	0	0	0	0	0	3	0
NC_001491.2	LoRTIA	intron	84321	91345	3	-	.	GT/AG	12h-3	0	0	3	0	0	0	0	0	0	3	0	0	0	0	0	0	3	0	0	0	0	0	0	0	0	0	0
NC_001491.2	LoRTIA	intron	83632	84155	2	.	.		12h-3	0	0	2	0	0	0	0	0	0	0	0	0	0	0	0	0	2	0	0	0	0	0	0	0	0	0	0
NC_001491.2	LoRTIA	intron	76089	76256	2	.	.		12h-3	0	0	2	0	0	0	0	0	0	0	0	0	0	0	0	0	0	0	0	0	0	0	0	0	0	0	0
NC_001491.2	LoRTIA	intron	50155	51003	2	.	.		12h-3	0	0	2	0	0	0	0	0	0	0	0	0	0	0	0	0	0	0	0	0	0	0	0	0	0	0	0
NC_001491.2	LoRTIA	intron	63686	63866	2	.	.		12h-3	0	0	2	0	0	0	0	0	0	0	0	0	0	0	0	0	0	0	0	0	0	0	0	0	0	0	0
NC_001491.2	LoRTIA	intron	64262	64325	3	.	.		12h-3	0	0	3	0	0	0	0	0	0	0	0	0	0	0	0	0	0	0	0	0	0	0	0	0	0	0	0
NC_001491.2	LoRTIA	intron	68518	69903	2	+	.	GT/AG	12h-3	0	0	2	0	3	2	0	0	0	0	2	0	0	0	0	2	0	0	0	0	0	0	0	0	0	0	0
NC_001491.2	LoRTIA	intron	121073	121315	3	+	.	GT/AG	18h-1	0	0	0	3	0	0	0	0	0	4	0	2	0	0	0	6	3	0	2	0	5	2	2	2	0	5	2
NC_001491.2	LoRTIA	intron	119659	120916	2	.	.		18h-1	0	0	0	2	0	0	0	0	0	0	0	0	0	0	0	0	0	0	0	0	0	0	0	0	0	0	0
NC_001491.2	LoRTIA	intron	118929	119066	2	+	.	GT/AG	18h-1	0	0	0	2	0	0	0	0	0	0	0	0	0	0	0	0	0	0	0	0	0	0	0	0	0	0	0
NC_001491.2	LoRTIA	intron	113372	113718	3	.	.		18h-1	0	0	0	3	0	0	0	0	0	0	0	0	0	0	0	0	0	2	0	0	0	0	0	0	0	0	0
NC_001491.2	LoRTIA	intron	112195	114109	4	+	.	GT/AG	18h-1	0	0	0	4	2	0	0	0	0	0	0	0	0	0	0	0	0	0	0	0	0	0	0	0	0	0	0
NC_001491.2	LoRTIA	intron	110414	111292	2	+	.	GT/AG	18h-1	0	0	0	2	0	0	0	0	0	0	0	0	0	0	0	2	0	4	0	0	0	0	0	0	0	0	0
NC_001491.2	LoRTIA	intron	109293	109432	4	+	.	GT/AG	18h-1	0	0	0	4	2	2	0	0	0	0	0	2	0	0	0	2	3	0	0	0	0	0	0	0	0	0	0
NC_001491.2	LoRTIA	intron	121116	121286	3	+	.	GT/AG	18h-1	0	0	0	3	0	0	0	0	0	0	0	0	0	0	0	0	0	0	0	0	0	0	0	0	0	0	0
NC_001491.2	LoRTIA	intron	123906	124176	2	.	.		18h-1	0	0	0	2	0	0	0	0	0	0	0	0	0	0	0	0	0	0	0	0	0	0	0	0	0	0	0
NC_001491.2	LoRTIA	intron	125105	125458	2	.	.		18h-1	0	0	0	2	0	0	0	0	0	0	0	0	0	0	0	0	0	0	0	0	0	0	0	0	0	0	0
NC_001491.2	LoRTIA	intron	144094	144231	2	-	.	GT/AG	18h-1	0	0	0	2	0	0	0	0	0	0	0	0	0	0	0	0	0	0	0	0	0	0	0	0	0	0	0
NC_001491.2	LoRTIA	intron	142244	143501	2	.	.		18h-1	0	0	0	2	0	0	0	0	0	0	0	0	0	0	0	0	0	0	0	0	0	0	0	0	0	0	0
NC_001491.2	LoRTIA	intron	141874	142044	6	-	.	GT/AG	18h-1	0	0	0	6	2	0	0	0	0	0	3	3	0	18	11	0	5	0	0	0	0	0	0	0	0	0	0
NC_001491.2	LoRTIA	intron	140930	142294	2	.	.		18h-1	0	0	0	2	0	0	0	0	0	0	0	0	0	0	0	0	0	0	0	0	0	0	0	0	0	0	0
NC_001491.2	LoRTIA	intron	138984	139254	2	.	.		18h-1	0	0	0	2	0	0	0	0	0	0	0	0	0	0	0	0	0	0	0	0	0	0	0	0	0	0	0
NC_001491.2	LoRTIA	intron	138047	138331	3	.	.		18h-1	0	0	0	3	3	3	0	0	0	0	0	0	0	4	2	4	0	0	0	3	7	5	4	5	0	0	0
NC_001491.2	LoRTIA	intron	137593	137673	2	-	.	GT/AG	18h-1	0	0	0	2	0	0	0	0	0	0	0	0	0	0	0	0	0	0	0	0	0	0	0	0	0	0	0
NC_001491.2	LoRTIA	intron	133139	133198	2	.	.		18h-1	0	0	0	2	0	0	0	0	0	0	0	0	0	0	0	0	0	0	0	0	0	0	0	0	0	0	0
NC_001491.2	LoRTIA	intron	132250	133336	2	.	.		18h-1	0	0	0	2	0	0	0	0	0	0	0	0	0	0	0	0	0	0	0	0	0	0	0	0	0	0	0
NC_001491.2	LoRTIA	intron	129324	129449	2	-	.	GT/AG	18h-1	0	0	0	2	0	0	0	0	0	0	0	0	0	0	0	0	0	0	0	0	0	0	0	0	0	0	0
NC_001491.2	LoRTIA	intron	125235	128673	2	-	.	GT/AG	18h-1	0	0	0	2	2	0	0	0	0	2	3	2	0	0	0	0	3	0	0	0	0	0	0	0	0	0	0
NC_001491.2	LoRTIA	intron	124828	125112	3	.	.		18h-1	0	0	0	3	3	4	0	0	0	0	0	0	2	3	2	4	2	0	0	2	6	5	4	6	0	0	0
NC_001491.2	LoRTIA	intron	98132	105513	77	+	.	GT/AG	18h-1	0	0	0	77	59	57	0	0	0	224	205	195	0	0	0	880	743	997	0	0	0	0	0	0	0	0	0
NC_001491.2	LoRTIA	intron	97270	97975	5	+	.	GT/AG	18h-1	0	0	0	5	3	0	0	0	0	28	22	15	0	0	0	97	72	95	0	0	0	0	0	0	0	0	0
NC_001491.2	LoRTIA	intron	96572	105513	13	+	.	GT/AG	18h-1	0	0	0	13	0	0	0	0	0	30	38	32	0	0	0	147	117	134	0	0	0	0	0	0	0	0	0
NC_001491.2	LoRTIA	intron	53288	53765	2	-	.	GT/AG	18h-1	0	0	0	2	6	3	0	0	0	8	3	3	0	0	0	9	5	15	0	0	0	0	0	0	0	0	0
NC_001491.2	LoRTIA	intron	35998	36095	4	+	.	GT/AG	18h-1	0	0	0	4	3	0	0	0	0	0	0	0	0	0	0	5	3	2	0	0	0	0	0	0	0	0	2
NC_001491.2	LoRTIA	intron	32978	35940	2	+	.	GT/AG	18h-1	0	0	0	2	0	0	0	0	0	0	0	0	0	0	0	0	0	0	0	0	0	0	0	0	0	0	0
NC_001491.2	LoRTIA	intron	25275	26645	2	+	.	GT/AG	18h-1	0	0	0	2	3	0	0	0	0	5	5	3	0	0	0	13	13	17	0	0	0	0	0	0	0	0	0
NC_001491.2	LoRTIA	intron	25275	26619	2	+	.	GT/AG	18h-1	0	0	0	2	0	0	0	0	0	5	0	2	0	0	0	4	2	6	0	0	0	0	0	0	0	0	0
NC_001491.2	LoRTIA	intron	17844	18092	4	.	.		18h-1	0	0	0	4	0	0	0	0	0	0	0	0	0	0	0	0	0	0	0	0	0	0	0	0	0	0	0
NC_001491.2	LoRTIA	intron	11597	14814	4	-	.	GT/AG	18h-1	0	0	0	4	4	5	0	0	0	6	9	6	0	0	0	30	19	19	0	0	0	0	0	0	0	0	0
NC_001491.2	LoRTIA	intron	7875	10681	3	+	.	GT/AG	18h-1	0	0	0	3	0	9	0	0	0	8	3	3	0	0	0	6	5	5	0	0	0	0	0	0	0	0	0
NC_001491.2	LoRTIA	intron	80575	80670	3	.	.		18h-1	0	0	0	3	0	0	0	0	0	0	0	0	0	0	0	0	0	0	0	0	0	0	0	0	0	0	0
NC_001491.2	LoRTIA	intron	79438	81301	4	+	.	GT/AG	18h-1	0	0	0	4	6	3	0	0	0	23	17	14	0	0	0	28	25	20	0	0	0	0	0	0	0	0	0
NC_001491.2	LoRTIA	intron	78306	78778	2	.	.		18h-1	0	0	0	2	0	0	0	0	0	0	0	0	0	0	0	0	0	0	0	0	0	0	0	0	0	0	0
NC_001491.2	LoRTIA	intron	78145	79302	5	+	.	GT/AG	18h-1	0	0	0	5	6	4	0	0	0	44	35	31	0	0	0	48	25	24	0	0	0	0	0	0	0	0	0
NC_001491.2	LoRTIA	intron	78066	78133	2	+	.	AT/AC	18h-1	0	0	0	2	0	0	0	0	0	0	0	0	0	0	0	0	0	0	0	0	0	0	0	0	0	0	0
NC_001491.2	LoRTIA	intron	78042	78133	2	.	.		18h-1	0	0	0	2	0	0	0	0	0	0	0	0	0	0	0	0	0	0	0	0	0	0	0	0	0	0	0
NC_001491.2	LoRTIA	intron	75205	75377	2	.	.		18h-1	0	0	0	2	0	0	0	0	0	0	0	0	0	0	0	0	0	0	0	0	0	0	0	0	0	0	0
NC_001491.2	LoRTIA	intron	74386	74439	2	.	.		18h-1	0	0	0	2	0	0	0	0	0	0	0	0	0	0	0	2	0	0	0	0	0	0	0	0	0	0	0
NC_001491.2	LoRTIA	intron	149442	149788	2	.	.		18h-1	0	0	0	2	0	0	0	0	0	0	0	0	0	0	0	0	0	0	0	0	0	0	0	0	0	0	0
NC_001491.2	LoRTIA	intron	121073	121286	2	+	.	GT/AG	18h-2	0	0	0	0	2	2	0	0	0	0	0	0	0	0	0	0	0	0	0	0	0	0	0	0	0	0	0
NC_001491.2	LoRTIA	intron	121069	121315	2	+	.	GT/AG	18h-2	0	0	0	0	2	0	0	0	0	2	0	3	0	0	0	3	0	0	0	0	0	0	0	2	0	0	0
NC_001491.2	LoRTIA	intron	118929	119060	2	+	.	GT/AG	18h-2	0	0	0	0	2	0	0	0	0	0	0	0	0	0	0	3	6	3	0	0	0	0	0	0	0	0	0
NC_001491.2	LoRTIA	intron	103770	105526	10	+	.	GT/AG	18h-2	0	0	0	0	10	0	0	0	0	16	9	8	0	0	0	49	43	51	0	0	0	0	0	0	0	0	0
NC_001491.2	LoRTIA	intron	103009	103134	3	+	.	GT/AG	18h-2	0	0	0	0	3	0	0	0	0	0	0	0	0	0	0	11	3	8	0	0	0	0	0	0	0	0	0
NC_001491.2	LoRTIA	intron	100928	102839	2	+	.	GT/AG	18h-2	0	0	0	0	2	0	0	0	0	4	5	5	0	0	0	12	3	7	0	0	0	0	0	0	0	0	0
NC_001491.2	LoRTIA	intron	99874	100786	2	+	.	GT/AG	18h-2	0	0	0	0	2	0	0	0	0	0	0	0	0	0	0	0	2	0	0	0	0	0	0	0	0	0	0
NC_001491.2	LoRTIA	intron	143695	144023	2	-	.	GT/AG	18h-2	0	0	0	0	2	0	0	0	0	0	0	0	0	0	0	0	0	0	0	0	0	0	0	0	0	0	0
NC_001491.2	LoRTIA	intron	141874	142087	2	-	.	GT/AG	18h-2	0	0	0	0	2	0	0	0	0	0	0	0	0	0	0	0	0	0	0	0	0	0	0	0	0	0	0
NC_001491.2	LoRTIA	intron	125235	128599	2	-	.	GT/AG	18h-2	0	0	0	0	2	0	0	0	0	0	3	0	0	0	0	0	0	4	0	0	0	0	0	0	0	0	0
NC_001491.2	LoRTIA	intron	123856	124127	2	.	.		18h-2	0	0	0	0	2	0	0	0	0	0	2	0	0	0	0	0	0	2	0	0	0	0	0	0	0	0	0
NC_001491.2	LoRTIA	intron	84321	87213	2	-	.	GT/AG	18h-2	0	0	0	0	2	0	0	0	0	2	2	0	0	0	0	3	0	0	0	0	0	0	0	0	0	0	0
NC_001491.2	LoRTIA	intron	25275	26249	2	+	.	GT/AG	18h-2	0	0	0	0	2	2	0	0	0	8	2	5	0	0	0	15	16	19	0	0	0	0	0	0	0	0	0
NC_001491.2	LoRTIA	intron	24579	24639	4	.	.		18h-2	0	0	0	0	4	0	0	0	0	0	0	0	0	0	0	0	0	0	0	0	0	4	0	4	0	5	0
NC_001491.2	LoRTIA	intron	17842	18092	2	.	.		18h-2	0	0	0	0	2	3	0	0	0	0	0	0	0	0	0	0	2	0	0	0	0	0	0	0	0	0	0
NC_001491.2	LoRTIA	intron	11597	19537	2	-	.	GT/AG	18h-2	0	0	0	0	2	0	0	0	0	3	2	0	0	0	0	0	3	6	0	0	0	0	0	0	0	0	0
NC_001491.2	LoRTIA	intron	8217	9509	2	+	.	GT/AG	18h-2	0	0	0	0	2	0	0	0	0	0	0	2	0	0	0	2	3	3	0	0	0	0	0	0	0	0	0
NC_001491.2	LoRTIA	intron	6689	10681	6	+	.	GT/AG	18h-2	0	0	0	0	6	3	0	0	0	9	3	7	0	0	0	11	10	5	0	0	0	0	0	0	0	0	0
NC_001491.2	LoRTIA	intron	32797	32869	2	.	.		18h-2	0	0	0	0	2	0	0	0	0	0	0	0	0	0	0	0	0	0	0	0	0	0	0	0	0	0	0
NC_001491.2	LoRTIA	intron	83325	84134	2	+	.	GT/AG	18h-2	0	0	0	0	2	0	0	0	0	0	0	0	0	0	0	0	0	0	0	0	0	0	0	0	0	0	0
NC_001491.2	LoRTIA	intron	78055	80656	2	.	.		18h-2	0	0	0	0	2	0	0	0	0	0	0	0	0	0	0	0	0	0	0	0	0	0	0	0	0	0	0
NC_001491.2	LoRTIA	intron	74386	74585	2	+	.	GT/AG	18h-2	0	0	0	0	2	0	0	0	0	2	0	0	0	0	0	0	0	0	0	0	0	0	0	0	0	0	0
NC_001491.2	LoRTIA	intron	38961	39019	2	.	.		18h-2	0	0	0	0	2	2	0	0	0	0	0	0	0	0	0	0	0	0	0	0	0	0	0	0	0	0	0
NC_001491.2	LoRTIA	intron	35998	36077	4	+	.	GT/AG	18h-2	0	0	0	0	4	0	0	0	0	0	5	0	0	0	0	9	3	11	0	0	0	0	0	0	0	0	0
NC_001491.2	LoRTIA	intron	32029	32692	2	.	.		18h-2	0	0	0	0	2	0	0	0	0	2	0	0	0	0	0	0	0	0	0	0	0	0	0	0	0	0	0
NC_001491.2	LoRTIA	intron	144100	144231	2	-	.	GT/AG	18h-2	0	0	0	0	2	0	0	0	0	0	0	0	0	0	0	3	6	3	0	0	0	0	0	0	0	0	0
NC_001491.2	LoRTIA	intron	113359	113694	2	.	.		18h-3	0	0	0	0	0	2	0	0	0	0	0	0	0	0	0	4	4	4	0	0	0	0	0	0	0	0	0
NC_001491.2	LoRTIA	intron	121065	121286	3	.	.		18h-3	0	0	0	0	0	3	0	0	0	0	0	0	0	0	0	0	0	0	0	0	0	0	0	0	0	0	0
NC_001491.2	LoRTIA	intron	96697	96943	4	+	.	GT/AG	18h-3	0	0	0	0	0	4	0	0	0	31	20	26	0	0	0	128	82	82	0	0	0	0	0	0	0	0	0
NC_001491.2	LoRTIA	intron	96572	97135	2	+	.	GT/AG	18h-3	0	0	0	0	0	2	0	0	0	16	8	9	0	0	0	31	47	44	0	0	0	0	0	0	0	0	0
NC_001491.2	LoRTIA	intron	94430	94478	2	+	.	GT/AG	18h-3	0	0	0	0	0	2	0	0	0	0	0	0	0	0	0	0	0	0	0	0	0	0	0	0	0	0	0
NC_001491.2	LoRTIA	intron	94030	94259	2	.	.		18h-3	0	0	0	0	0	2	0	0	0	0	0	0	0	0	0	0	0	0	0	0	0	0	0	0	2	0	0
NC_001491.2	LoRTIA	intron	121069	121277	2	.	.		18h-3	0	0	0	0	0	2	0	0	0	0	0	0	0	0	0	0	0	0	0	0	0	0	0	0	0	0	0
NC_001491.2	LoRTIA	intron	141940	141988	2	.	.		18h-3	0	0	0	0	0	2	0	0	0	3	0	0	0	0	0	3	0	0	0	0	0	0	0	0	0	0	0
NC_001491.2	LoRTIA	intron	141885	142075	2	.	.		18h-3	0	0	0	0	0	2	0	0	0	0	0	0	0	0	0	0	0	0	0	0	0	2	0	0	0	6	0
NC_001491.2	LoRTIA	intron	141874	142095	3	.	.		18h-3	0	0	0	0	0	3	0	0	0	0	0	0	0	0	0	0	0	0	0	0	0	0	0	0	0	0	0
NC_001491.2	LoRTIA	intron	130112	130471	2	.	.		18h-3	0	0	0	0	0	2	0	0	0	0	0	0	0	0	0	0	0	0	0	0	0	0	0	0	0	0	0
NC_001491.2	LoRTIA	intron	129950	131542	3	.	.		18h-3	0	0	0	0	0	3	0	0	0	0	0	0	0	0	0	0	0	0	0	0	0	0	0	0	0	0	0
NC_001491.2	LoRTIA	intron	21575	21643	2	-	.	GT/AG	18h-3	0	0	0	0	0	2	0	0	0	0	3	0	0	0	0	0	0	0	0	0	0	0	0	0	0	0	0
NC_001491.2	LoRTIA	intron	18535	19537	3	-	.	GT/AG	18h-3	0	0	0	0	0	3	0	0	0	4	0	3	0	0	0	7	4	5	0	0	0	0	0	0	0	0	0
NC_001491.2	LoRTIA	intron	11372	11475	3	-	.	GT/AG	18h-3	0	0	0	0	0	3	0	0	0	0	2	3	0	0	0	8	9	15	0	0	0	0	0	0	0	0	0
NC_001491.2	LoRTIA	intron	7729	8082	2	.	.		18h-3	0	0	0	0	0	2	0	0	0	2	2	0	0	0	0	0	0	0	0	0	0	0	0	0	0	0	0
NC_001491.2	LoRTIA	intron	24584	24639	3	.	.		18h-3	0	0	0	0	0	3	0	0	0	2	0	0	0	0	0	0	0	0	0	0	0	0	0	0	0	0	0
NC_001491.2	LoRTIA	intron	77987	80656	2	.	.		18h-3	0	0	0	0	0	2	0	0	0	0	0	0	0	0	0	0	0	0	0	0	0	0	0	0	0	0	0
NC_001491.2	LoRTIA	intron	74386	74697	2	.	.		18h-3	0	0	0	0	0	2	0	0	0	0	0	0	0	0	0	0	0	0	0	0	0	0	0	0	0	0	0
NC_001491.2	LoRTIA	intron	74265	74370	2	-	.	GT/AG	18h-3	0	0	0	0	0	2	0	0	0	0	0	0	0	0	0	0	0	0	0	0	0	0	0	0	0	0	0
NC_001491.2	LoRTIA	intron	71635	72954	2	-	.	GT/AG	18h-3	0	0	0	0	0	2	0	0	0	0	0	0	0	0	0	0	0	0	0	0	0	0	0	0	0	0	0
NC_001491.2	LoRTIA	intron	69135	69239	2	.	.		18h-3	0	0	0	0	0	2	0	0	0	0	0	0	0	0	0	0	0	0	0	0	0	0	0	0	0	0	0
NC_001491.2	LoRTIA	intron	114263	148921	2	.	.		1h_1	0	0	0	0	0	0	2	0	0	0	0	0	6	3	5	0	0	0	0	0	0	0	0	0	0	0	0
NC_001491.2	LoRTIA	intron	116111	147084	2	-	.	GT/AG	1h_2	0	0	0	0	0	0	0	2	0	0	0	0	0	0	0	0	0	0	0	0	0	0	0	0	0	0	0
NC_001491.2	LoRTIA	intron	464	590	2	-	.	GT/AG	24h-1	0	0	0	0	0	0	0	0	0	2	0	0	0	0	0	2	0	0	0	0	0	0	0	0	0	0	0
NC_001491.2	LoRTIA	intron	102501	102839	5	+	.	GT/AG	24h-1	0	0	0	0	0	0	0	0	0	5	0	2	0	0	0	10	13	10	0	0	0	0	0	0	0	0	0
NC_001491.2	LoRTIA	intron	103376	105513	15	+	.	GT/AG	24h-1	0	0	0	0	0	0	0	0	0	15	9	12	0	0	0	40	37	41	0	0	0	0	0	0	0	0	0
NC_001491.2	LoRTIA	intron	102035	102839	6	+	.	GT/AG	24h-1	0	0	0	0	0	0	0	0	0	6	0	2	0	0	0	8	5	12	0	0	0	0	0	0	0	0	0
NC_001491.2	LoRTIA	intron	110397	111264	2	.	.		24h-1	0	0	0	0	0	0	0	0	0	2	0	0	0	2	0	0	0	0	0	0	0	0	0	0	0	0	0
NC_001491.2	LoRTIA	intron	111213	112495	3	.	.		24h-1	0	0	0	0	0	0	0	0	0	3	0	3	0	0	0	0	0	0	0	0	0	0	0	0	0	0	0
NC_001491.2	LoRTIA	intron	94033	94263	3	+	.	GT/AG	24h-1	0	0	0	0	0	0	0	0	0	3	5	0	0	0	0	0	5	0	0	0	0	0	0	0	0	0	0
NC_001491.2	LoRTIA	intron	96570	96943	11	+	.	GT/AG	24h-1	0	0	0	0	0	0	0	0	0	11	0	9	0	0	0	25	15	21	0	0	0	0	0	0	0	0	0
NC_001491.2	LoRTIA	intron	96572	97975	12	+	.	GT/AG	24h-1	0	0	0	0	0	0	0	0	0	12	9	0	0	0	0	38	29	42	0	0	0	0	0	0	0	0	0
NC_001491.2	LoRTIA	intron	96697	105513	12	+	.	GT/AG	24h-1	0	0	0	0	0	0	0	0	0	12	10	9	0	0	0	54	34	36	0	0	0	0	0	0	0	0	0
NC_001491.2	LoRTIA	intron	137695	138046	3	.	.		24h-1	0	0	0	0	0	0	0	0	0	3	0	0	0	0	0	0	0	0	0	0	0	0	0	0	0	0	0
NC_001491.2	LoRTIA	intron	141845	142087	5	-	.	GT/AG	24h-1	0	0	0	0	0	0	0	0	0	5	0	0	0	0	4	0	2	0	2	2	3	2	0	0	0	4	2
NC_001491.2	LoRTIA	intron	133442	134181	3	.	.		24h-1	0	0	0	0	0	0	0	0	0	3	0	0	0	0	0	0	0	0	0	0	0	0	0	0	0	0	0
NC_001491.2	LoRTIA	intron	129093	129446	2	.	.		24h-1	0	0	0	0	0	0	0	0	0	2	0	0	0	0	0	2	0	0	0	0	0	0	0	0	0	0	0
NC_001491.2	LoRTIA	intron	125114	125465	3	.	.		24h-1	0	0	0	0	0	0	0	0	0	3	2	0	0	0	0	0	0	0	0	0	0	0	0	0	0	0	0
NC_001491.2	LoRTIA	intron	129173	129599	4	-	.	GT/AG	24h-1	0	0	0	0	0	0	0	0	0	4	0	2	0	0	0	0	0	0	0	0	0	0	0	0	0	0	0
NC_001491.2	LoRTIA	intron	13410	18442	4	-	.	GT/AG	24h-1	0	0	0	0	0	0	0	0	0	4	0	0	0	0	0	6	0	4	0	0	0	0	0	0	0	0	0
NC_001491.2	LoRTIA	intron	24226	24940	2	+	.	GT/AG	24h-1	0	0	0	0	0	0	0	0	0	2	0	2	0	0	0	6	2	3	0	0	0	0	0	0	0	0	0
NC_001491.2	LoRTIA	intron	23579	24940	4	+	.	GT/AG	24h-1	0	0	0	0	0	0	0	0	0	4	2	3	0	0	0	16	8	9	0	0	0	0	0	0	0	0	0
NC_001491.2	LoRTIA	intron	12399	13034	2	+	.	GT/AG	24h-1	0	0	0	0	0	0	0	0	0	2	0	0	0	0	0	0	0	0	0	0	0	0	0	0	0	0	0
NC_001491.2	LoRTIA	intron	12196	12335	2	-	.	GT/AG	24h-1	0	0	0	0	0	0	0	0	0	2	0	0	0	0	0	0	0	0	0	0	0	0	0	0	0	0	0
NC_001491.2	LoRTIA	intron	2533	2601	2	.	.		24h-1	0	0	0	0	0	0	0	0	0	2	0	0	0	0	0	0	0	0	0	0	0	0	0	0	0	0	0
NC_001491.2	LoRTIA	intron	7875	9516	4	+	.	GT/AG	24h-1	0	0	0	0	0	0	0	0	0	4	0	0	0	0	0	4	0	0	0	0	0	0	0	0	0	0	0
NC_001491.2	LoRTIA	intron	76802	79302	3	+	.	GT/AG	24h-1	0	0	0	0	0	0	0	0	0	3	0	0	0	0	0	2	3	0	0	0	0	0	0	0	0	0	0
NC_001491.2	LoRTIA	intron	77235	77916	3	+	.	GT/AG	24h-1	0	0	0	0	0	0	0	0	0	3	0	0	0	0	0	0	0	2	0	0	0	0	0	0	0	0	0
NC_001491.2	LoRTIA	intron	77666	77916	5	+	.	GT/AG	24h-1	0	0	0	0	0	0	0	0	0	5	0	0	0	0	0	5	0	0	0	0	0	0	0	0	0	0	0
NC_001491.2	LoRTIA	intron	78307	78778	4	.	.		24h-1	0	0	0	0	0	0	0	0	0	4	0	0	0	0	0	0	0	0	0	0	0	0	0	0	0	2	3
NC_001491.2	LoRTIA	intron	78313	78785	4	.	.		24h-1	0	0	0	0	0	0	0	0	0	4	0	0	0	0	0	0	0	0	0	0	0	0	0	0	0	0	0
NC_001491.2	LoRTIA	intron	83442	84175	2	-	.	GT/AG	24h-1	0	0	0	0	0	0	0	0	0	2	0	0	0	0	0	3	3	2	0	0	0	0	0	0	0	0	0
NC_001491.2	LoRTIA	intron	28017	28206	2	.	.		24h-1	0	0	0	0	0	0	0	0	0	2	0	0	0	0	0	0	0	0	0	0	0	0	0	0	0	0	0
NC_001491.2	LoRTIA	intron	31928	32692	2	.	.		24h-1	0	0	0	0	0	0	0	0	0	2	0	0	0	0	0	0	0	0	0	0	0	0	0	0	0	0	0
NC_001491.2	LoRTIA	intron	32054	32777	2	.	.		24h-1	0	0	0	0	0	0	0	0	0	2	0	0	0	0	0	0	0	0	0	0	0	0	0	0	0	0	0
NC_001491.2	LoRTIA	intron	32978	34009	2	+	.	GT/AG	24h-1	0	0	0	0	0	0	0	0	0	2	0	0	0	0	0	0	0	0	0	0	0	0	0	0	0	0	0
NC_001491.2	LoRTIA	intron	36132	36189	2	-	.	GT/AG	24h-1	0	0	0	0	0	0	0	0	0	2	0	0	0	0	0	0	0	0	0	0	0	0	0	0	0	0	0
NC_001491.2	LoRTIA	intron	50959	51014	2	.	.		24h-1	0	0	0	0	0	0	0	0	0	2	0	0	0	0	0	0	0	0	0	0	0	0	0	0	0	0	0
NC_001491.2	LoRTIA	intron	51828	52493	2	+	.	GT/AG	24h-1	0	0	0	0	0	0	0	0	0	2	0	0	0	0	0	0	0	0	0	0	0	0	0	0	0	0	0
NC_001491.2	LoRTIA	intron	62391	64605	2	+	.	GT/AG	24h-1	0	0	0	0	0	0	0	0	0	2	5	2	0	0	0	6	5	4	0	0	0	0	0	0	0	0	0
NC_001491.2	LoRTIA	intron	65069	69903	3	.	.		24h-1	0	0	0	0	0	0	0	0	0	3	0	0	0	0	0	0	8	5	0	0	0	0	0	0	0	0	0
NC_001491.2	LoRTIA	intron	5301	5920	3	.	.		24h-2	0	0	0	0	0	0	0	0	0	0	3	0	0	0	0	0	0	0	0	0	0	0	0	0	0	0	0
NC_001491.2	LoRTIA	intron	101047	104015	2	.	.		24h-2	0	0	0	0	0	0	0	0	0	0	2	0	0	0	0	0	0	0	0	0	0	0	0	0	0	0	0
NC_001491.2	LoRTIA	intron	103009	105513	6	+	.	GT/AG	24h-2	0	0	0	0	0	0	0	0	0	0	6	0	0	0	0	13	0	0	0	0	0	0	0	0	0	0	0
NC_001491.2	LoRTIA	intron	103372	105513	6	+	.	GT/AG	24h-2	0	0	0	0	0	0	0	0	0	0	6	7	0	0	0	24	23	22	0	0	0	0	0	0	0	0	0
NC_001491.2	LoRTIA	intron	104006	104226	4	+	.	GT/AG	24h-2	0	0	0	0	0	0	0	0	0	0	4	0	0	0	0	11	12	14	0	0	0	0	0	0	0	0	0
NC_001491.2	LoRTIA	intron	104391	105526	7	+	.	GT/AG	24h-2	0	0	0	0	0	0	0	0	0	0	7	6	0	0	0	21	29	22	0	0	0	0	0	0	0	0	0
NC_001491.2	LoRTIA	intron	110397	111792	2	.	.		24h-2	0	0	0	0	0	0	0	0	0	0	2	0	0	0	0	0	0	0	2	0	0	0	0	0	0	0	0
NC_001491.2	LoRTIA	intron	98132	100786	6	+	.	GT/AG	24h-2	0	0	0	0	0	0	0	0	0	0	6	5	0	0	0	12	9	15	0	0	0	0	0	0	0	0	0
NC_001491.2	LoRTIA	intron	84929	86437	2	.	.		24h-2	0	0	0	0	0	0	0	0	0	0	2	0	0	0	0	0	0	0	0	0	0	0	0	0	0	0	0
NC_001491.2	LoRTIA	intron	98132	105526	16	+	.	GT/AG	24h-2	0	0	0	0	0	0	0	0	0	0	16	0	0	0	0	61	50	61	0	0	0	0	0	0	0	0	0
NC_001491.2	LoRTIA	intron	118929	119047	2	.	.		24h-2	0	0	0	0	0	0	0	0	0	0	2	0	0	0	0	0	0	0	0	0	0	0	0	0	0	0	0
NC_001491.2	LoRTIA	intron	129093	129521	2	.	.		24h-2	0	0	0	0	0	0	0	0	0	0	2	0	0	0	0	0	0	0	0	0	0	0	0	0	0	0	0
NC_001491.2	LoRTIA	intron	129108	129461	2	-	.	GT/AG	24h-2	0	0	0	0	0	0	0	0	0	0	2	0	0	0	0	0	0	0	0	0	0	0	0	0	0	0	0
NC_001491.2	LoRTIA	intron	141880	142051	2	+	.	AT/AC	24h-2	0	0	0	0	0	0	0	0	0	0	2	2	0	0	0	0	0	0	0	0	0	0	0	0	0	0	0
NC_001491.2	LoRTIA	intron	13742	13837	2	.	.		24h-2	0	0	0	0	0	0	0	0	0	0	2	0	0	0	0	0	0	0	0	0	0	0	0	0	0	0	0
NC_001491.2	LoRTIA	intron	18248	19150	3	+	.	GT/AG	24h-2	0	0	0	0	0	0	0	0	0	0	3	0	0	0	0	0	0	0	0	0	0	0	0	0	0	0	0
NC_001491.2	LoRTIA	intron	18337	18868	3	.	.		24h-2	0	0	0	0	0	0	0	0	0	0	3	0	0	0	0	0	0	0	0	0	0	0	0	0	0	0	0
NC_001491.2	LoRTIA	intron	21575	21638	3	.	.		24h-2	0	0	0	0	0	0	0	0	0	0	3	0	0	0	0	0	0	0	0	0	0	0	0	0	0	0	0
NC_001491.2	LoRTIA	intron	21816	24940	2	+	.	GT/AG	24h-2	0	0	0	0	0	0	0	0	0	0	2	0	0	0	0	0	2	0	0	0	0	0	0	0	0	0	0
NC_001491.2	LoRTIA	intron	11597	18442	2	-	.	GT/AG	24h-2	0	0	0	0	0	0	0	0	0	0	2	0	0	0	0	6	4	2	0	0	0	0	0	0	0	0	0
NC_001491.2	LoRTIA	intron	70494	70943	2	.	.		24h-2	0	0	0	0	0	0	0	0	0	0	2	0	0	0	0	0	0	0	0	0	0	0	0	0	0	0	0
NC_001491.2	LoRTIA	intron	74209	74883	2	-	.	GT/AG	24h-2	0	0	0	0	0	0	0	0	0	0	2	2	0	0	0	0	0	0	0	0	0	0	0	0	0	0	0
NC_001491.2	LoRTIA	intron	74386	74440	2	.	.		24h-2	0	0	0	0	0	0	0	0	0	0	2	0	0	0	0	0	0	0	0	0	0	0	0	0	0	0	0
NC_001491.2	LoRTIA	intron	77666	77819	3	+	.	GT/AG	24h-2	0	0	0	0	0	0	0	0	0	0	3	0	0	0	0	0	0	0	0	0	0	0	0	0	0	0	0
NC_001491.2	LoRTIA	intron	78867	83045	4	.	.		24h-2	0	0	0	0	0	0	0	0	0	0	4	4	0	0	0	0	0	0	0	0	0	0	0	0	0	0	0
NC_001491.2	LoRTIA	intron	79053	82981	5	-	.	GT/AG	24h-2	0	0	0	0	0	0	0	0	0	0	5	0	0	0	0	0	0	0	0	0	0	0	0	0	0	0	0
NC_001491.2	LoRTIA	intron	80373	83048	5	.	.		24h-2	0	0	0	0	0	0	0	0	0	0	5	0	0	0	0	0	0	0	0	0	0	0	0	0	0	0	0
NC_001491.2	LoRTIA	intron	70136	70333	2	+	.	GT/AG	24h-2	0	0	0	0	0	0	0	0	0	0	2	0	0	0	0	0	0	0	0	0	0	0	0	0	0	0	0
NC_001491.2	LoRTIA	intron	32567	36095	2	+	.	GT/AG	24h-2	0	0	0	0	0	0	0	0	0	0	2	0	0	0	0	0	0	0	0	0	0	0	0	0	0	0	0
NC_001491.2	LoRTIA	intron	32567	35940	2	+	.	GT/AG	24h-2	0	0	0	0	0	0	0	0	0	0	2	0	0	0	0	0	2	3	0	0	0	0	0	0	0	0	0
NC_001491.2	LoRTIA	intron	32616	32682	2	.	.		24h-2	0	0	0	0	0	0	0	0	0	0	2	0	0	0	0	0	0	0	0	0	0	0	0	0	0	0	0
NC_001491.2	LoRTIA	intron	43927	45469	2	-	.	GT/AG	24h-2	0	0	0	0	0	0	0	0	0	0	2	0	0	0	0	0	0	0	0	0	0	0	0	0	0	0	0
NC_001491.2	LoRTIA	intron	144113	144231	2	.	.		24h-2	0	0	0	0	0	0	0	0	0	0	2	0	0	0	0	0	0	0	0	0	0	0	0	0	0	0	0
NC_001491.2	LoRTIA	intron	61740	64315	2	.	.		24h-2	0	0	0	0	0	0	0	0	0	0	2	0	0	0	0	0	0	0	0	0	0	0	0	0	0	0	0
NC_001491.2	LoRTIA	intron	62666	63603	2	-	.	GT/AG	24h-2	0	0	0	0	0	0	0	0	0	0	2	0	0	0	0	0	0	0	0	0	0	0	0	0	0	0	0
NC_001491.2	LoRTIA	intron	55187	55421	2	-	.	GT/AG	24h-2	0	0	0	0	0	0	0	0	0	0	2	0	0	0	0	2	2	0	0	0	0	0	0	0	0	0	0
NC_001491.2	LoRTIA	intron	149370	149705	2	.	.		24h-2	0	0	0	0	0	0	0	0	0	0	2	0	0	0	0	3	3	2	0	0	0	0	0	0	0	0	0
NC_001491.2	LoRTIA	intron	72	1063	2	.	.		24h-3	0	0	0	0	0	0	0	0	0	0	0	2	0	0	0	0	0	2	0	0	0	0	0	0	0	0	0
NC_001491.2	LoRTIA	intron	113418	113766	2	.	.		24h-3	0	0	0	0	0	0	0	0	0	0	0	2	0	0	0	3	0	0	0	0	0	0	0	0	0	0	0
NC_001491.2	LoRTIA	intron	113384	113730	2	.	.		24h-3	0	0	0	0	0	0	0	0	0	0	0	2	0	0	0	0	2	0	0	0	0	0	0	0	0	0	0
NC_001491.2	LoRTIA	intron	113291	113698	2	.	.		24h-3	0	0	0	0	0	0	0	0	0	0	0	2	0	0	0	3	2	2	0	0	0	0	0	0	0	0	0
NC_001491.2	LoRTIA	intron	103569	103653	4	.	.		24h-3	0	0	0	0	0	0	0	0	0	0	0	4	0	0	0	0	0	0	0	0	0	0	0	0	0	0	0
NC_001491.2	LoRTIA	intron	119662	120922	2	.	.		24h-3	0	0	0	0	0	0	0	0	0	0	0	2	0	0	0	0	0	0	0	0	0	0	0	0	0	0	0
NC_001491.2	LoRTIA	intron	120211	120917	2	+	.	GT/AG	24h-3	0	0	0	0	0	0	0	0	0	0	0	2	0	0	0	2	0	4	0	0	0	0	0	0	0	0	0
NC_001491.2	LoRTIA	intron	129767	129989	2	-	.	GT/AG	24h-3	0	0	0	0	0	0	0	0	0	0	0	2	0	0	0	0	0	0	0	0	0	0	0	0	0	0	0
NC_001491.2	LoRTIA	intron	142243	142949	2	-	.	GT/AG	24h-3	0	0	0	0	0	0	0	0	0	0	0	2	0	0	0	2	0	4	0	0	0	0	0	0	0	0	0
NC_001491.2	LoRTIA	intron	126831	128084	2	.	.		24h-3	0	0	0	0	0	0	0	0	0	0	0	2	0	0	0	0	0	0	0	0	0	0	0	0	0	0	0
NC_001491.2	LoRTIA	intron	125235	127569	2	-	.	GT/AG	24h-3	0	0	0	0	0	0	0	0	0	0	0	2	0	0	0	0	0	2	0	0	0	0	0	0	0	0	0
NC_001491.2	LoRTIA	intron	13410	14528	4	-	.	GT/AG	24h-3	0	0	0	0	0	0	0	0	0	0	0	4	0	0	0	5	0	7	0	0	0	0	0	0	0	0	0
NC_001491.2	LoRTIA	intron	13657	13834	2	-	.	GC/AG	24h-3	0	0	0	0	0	0	0	0	0	0	0	2	0	0	0	0	0	0	0	0	0	0	0	0	0	0	0
NC_001491.2	LoRTIA	intron	13743	13837	2	.	.		24h-3	0	0	0	0	0	0	0	0	0	0	0	2	0	0	0	0	0	0	0	0	0	0	0	0	0	0	0
NC_001491.2	LoRTIA	intron	21771	24940	2	+	.	GT/AG	24h-3	0	0	0	0	0	0	0	0	0	0	0	2	0	0	0	0	0	0	0	0	0	0	0	0	0	0	0
NC_001491.2	LoRTIA	intron	9432	9509	2	+	.	GT/AG	24h-3	0	0	0	0	0	0	0	0	0	0	0	2	0	0	0	7	3	0	0	0	0	0	0	0	0	0	0
NC_001491.2	LoRTIA	intron	11597	11988	3	-	.	GT/AG	24h-3	0	0	0	0	0	0	0	0	0	0	0	3	0	0	0	0	2	4	0	0	0	0	0	0	0	0	0
NC_001491.2	LoRTIA	intron	149394	149742	2	.	.		24h-3	0	0	0	0	0	0	0	0	0	0	0	2	0	0	0	0	0	0	0	0	0	0	0	0	0	0	0
NC_001491.2	LoRTIA	intron	76802	77916	3	+	.	GT/AG	24h-3	0	0	0	0	0	0	0	0	0	0	0	3	0	0	0	0	0	0	0	0	0	0	0	0	0	0	0
NC_001491.2	LoRTIA	intron	77666	79302	3	+	.	GT/AG	24h-3	0	0	0	0	0	0	0	0	0	0	0	3	0	0	0	0	0	0	0	0	0	0	0	0	0	0	0
NC_001491.2	LoRTIA	intron	24695	24762	2	+	.	GT/AG	24h-3	0	0	0	0	0	0	0	0	0	0	0	2	0	0	0	0	0	0	0	0	0	0	0	0	0	0	0
NC_001491.2	LoRTIA	intron	29771	30001	2	+	.	GT/AG	24h-3	0	0	0	0	0	0	0	0	0	0	0	2	0	0	0	0	0	0	0	0	0	0	0	0	0	0	0
NC_001491.2	LoRTIA	intron	31638	31824	2	.	.		24h-3	0	0	0	0	0	0	0	0	0	0	0	2	0	0	0	0	0	0	0	0	0	0	0	0	0	0	0
NC_001491.2	LoRTIA	intron	67201	69903	2	+	.	GT/AG	24h-3	0	0	0	0	0	0	0	0	0	0	0	2	0	0	0	2	3	0	0	0	0	0	0	0	0	0	0
NC_001491.2	LoRTIA	intron	31928	32869	2	.	.		24h-3	0	0	0	0	0	0	0	0	0	0	0	2	0	0	0	0	0	0	0	0	0	0	0	0	0	0	0
NC_001491.2	LoRTIA	intron	65788	69903	2	+	.	GT/AG	24h-3	0	0	0	0	0	0	0	0	0	0	0	2	0	0	0	0	0	0	0	0	0	0	0	0	0	0	0
NC_001491.2	LoRTIA	intron	149430	149776	2	.	.		24h-3	0	0	0	0	0	0	0	0	0	0	0	2	0	0	0	0	0	0	0	0	0	0	0	0	0	0	0
NC_001491.2	LoRTIA	intron	125271	137847	5	+	.	GT/AG	2h_1	0	0	0	0	0	0	0	0	0	0	0	0	5	7	2	0	0	0	0	0	0	0	0	0	0	0	0
NC_001491.2	LoRTIA	intron	125271	137834	4	.	.		2h_1	0	0	0	0	0	0	0	0	0	0	0	0	4	6	3	0	0	0	0	0	0	0	0	0	0	0	0
NC_001491.2	LoRTIA	intron	125264	137826	8	-	.	GT/AG	2h_1	0	0	0	0	0	0	0	0	0	0	0	0	8	12	8	0	0	0	0	0	0	0	0	0	0	0	0
NC_001491.2	LoRTIA	intron	125256	137841	5	.	.		2h_1	0	0	0	0	0	0	0	0	0	0	0	0	5	2	2	0	0	0	0	0	0	0	0	0	0	0	0
NC_001491.2	LoRTIA	intron	125253	137818	3	+	.	GT/AG	2h_1	0	0	0	0	0	0	0	0	0	0	0	0	3	0	0	0	0	0	0	0	0	0	0	0	0	0	0
NC_001491.2	LoRTIA	intron	125215	137804	2	+	.	GT/AG	2h_1	0	0	0	0	0	0	0	0	0	0	0	0	2	0	0	0	0	0	0	0	0	0	0	0	0	0	0
NC_001491.2	LoRTIA	intron	125058	138189	8	+	.	GC/AG	2h_1	0	0	0	0	0	0	0	0	0	0	0	0	8	6	6	0	0	0	0	0	0	0	0	0	0	0	0
NC_001491.2	LoRTIA	intron	125034	138095	3	.	.		2h_1	0	0	0	0	0	0	0	0	0	0	0	0	3	2	0	0	0	0	0	0	0	0	0	0	0	0	0
NC_001491.2	LoRTIA	intron	125024	138169	5	.	.		2h_1	0	0	0	0	0	0	0	0	0	0	0	0	5	0	0	0	0	0	0	0	0	0	0	0	0	0	0
NC_001491.2	LoRTIA	intron	124991	138136	3	.	.		2h_1	0	0	0	0	0	0	0	0	0	0	0	0	3	0	0	0	0	0	0	0	0	0	0	0	0	0	0
NC_001491.2	LoRTIA	intron	124971	138102	6	-	.	GC/AG	2h_1	0	0	0	0	0	0	0	0	0	0	0	0	6	11	4	0	0	0	0	0	0	0	0	0	0	0	0
NC_001491.2	LoRTIA	intron	124961	138174	2	.	.		2h_1	0	0	0	0	0	0	0	0	0	0	0	0	2	0	0	0	0	0	0	0	0	0	0	0	0	0	0
NC_001491.2	LoRTIA	intron	124940	138265	2	+	.	GT/AG	2h_1	0	0	0	0	0	0	0	0	0	0	0	0	2	0	0	0	0	0	0	0	0	0	0	0	0	0	0
NC_001491.2	LoRTIA	intron	124861	137882	2	.	.		2h_1	0	0	0	0	0	0	0	0	0	0	0	0	2	0	0	0	0	0	0	0	0	0	0	0	0	0	0
NC_001491.2	LoRTIA	intron	124853	138370	2	-	.	GT/AG	2h_1	0	0	0	0	0	0	0	0	0	0	0	0	2	0	2	0	0	0	0	0	0	0	0	0	0	0	0
NC_001491.2	LoRTIA	intron	124853	138373	9	-	.	GT/AG	2h_1	0	0	0	0	0	0	0	0	0	0	0	0	9	11	10	0	0	0	0	0	0	0	0	0	0	0	0
NC_001491.2	LoRTIA	intron	124851	138373	2	.	.		2h_1	0	0	0	0	0	0	0	0	0	0	0	0	2	0	0	0	0	0	0	0	0	0	0	0	0	0	0
NC_001491.2	LoRTIA	intron	124851	138338	2	.	.		2h_1	0	0	0	0	0	0	0	0	0	0	0	0	2	0	0	0	0	0	0	0	0	0	0	0	0	0	0
NC_001491.2	LoRTIA	intron	124851	138370	6	.	.		2h_1	0	0	0	0	0	0	0	0	0	0	0	0	6	3	10	0	0	0	0	0	0	0	0	0	0	0	0
NC_001491.2	LoRTIA	intron	124850	138336	21	.	.		2h_1	0	0	0	0	0	0	0	0	0	0	0	0	21	20	7	0	0	0	0	0	0	0	0	0	0	0	0
NC_001491.2	LoRTIA	intron	124828	125162	2	.	.		2h_1	0	0	0	0	0	0	0	0	0	0	0	0	2	0	0	0	0	0	0	0	0	0	0	0	0	0	0
NC_001491.2	LoRTIA	intron	124824	138309	2	.	.		2h_1	0	0	0	0	0	0	0	0	0	0	0	0	2	0	0	0	0	0	0	0	0	0	0	0	0	0	0
NC_001491.2	LoRTIA	intron	124822	138308	7	.	.		2h_1	0	0	0	0	0	0	0	0	0	0	0	0	7	6	7	0	0	0	0	0	0	0	0	0	0	0	0
NC_001491.2	LoRTIA	intron	125274	137835	2	.	.		2h_1	0	0	0	0	0	0	0	0	0	0	0	0	2	0	0	0	0	0	0	0	0	0	0	0	0	0	0
NC_001491.2	LoRTIA	intron	125274	137834	13	.	.		2h_1	0	0	0	0	0	0	0	0	0	0	0	0	13	10	18	0	0	0	0	0	0	0	0	0	0	0	0
NC_001491.2	LoRTIA	intron	125278	137847	2	+	.	GT/AG	2h_1	0	0	0	0	0	0	0	0	0	0	0	0	2	0	0	0	0	0	0	0	0	0	0	0	0	0	0
NC_001491.2	LoRTIA	intron	125280	137839	2	.	.		2h_1	0	0	0	0	0	0	0	0	0	0	0	0	2	0	0	0	0	0	0	0	0	0	0	0	0	0	0
NC_001491.2	LoRTIA	intron	138747	138809	2	.	.		2h_1	0	0	0	0	0	0	0	0	0	0	0	0	2	0	0	0	0	0	0	0	0	0	0	0	0	0	0
NC_001491.2	LoRTIA	intron	124821	138307	4	.	.		2h_1	0	0	0	0	0	0	0	0	0	0	0	0	4	2	0	0	0	0	0	0	0	0	0	0	0	0	0
NC_001491.2	LoRTIA	intron	138696	138768	2	-	.	GT/AG	2h_1	0	0	0	0	0	0	0	0	0	0	0	0	2	0	0	0	0	0	0	0	0	0	0	0	0	0	0
NC_001491.2	LoRTIA	intron	137994	138328	2	.	.		2h_1	0	0	0	0	0	0	0	0	0	0	0	0	2	0	0	0	0	0	0	0	0	0	0	0	0	0	0
NC_001491.2	LoRTIA	intron	125339	137960	2	+	.	GT/AG	2h_1	0	0	0	0	0	0	0	0	0	0	0	0	2	0	0	0	0	0	0	0	0	0	0	0	0	0	0
NC_001491.2	LoRTIA	intron	125334	138203	2	+	.	GT/AG	2h_1	0	0	0	0	0	0	0	0	0	0	0	0	2	0	0	0	0	0	0	0	0	0	0	0	0	0	0
NC_001491.2	LoRTIA	intron	125334	137896	7	+	.	GT/AG	2h_1	0	0	0	0	0	0	0	0	0	0	0	0	7	5	4	0	0	0	0	0	0	0	0	0	0	0	0
NC_001491.2	LoRTIA	intron	125323	137886	2	.	.		2h_1	0	0	0	0	0	0	0	0	0	0	0	0	2	4	3	0	0	0	0	0	0	0	0	0	0	0	0
NC_001491.2	LoRTIA	intron	125321	137882	2	.	.		2h_1	0	0	0	0	0	0	0	0	0	0	0	0	2	0	0	0	0	0	0	0	0	0	0	0	0	0	0
NC_001491.2	LoRTIA	intron	125321	137880	4	.	.		2h_1	0	0	0	0	0	0	0	0	0	0	0	0	4	0	2	0	0	0	0	0	0	0	0	0	0	0	0
NC_001491.2	LoRTIA	intron	125320	137880	17	.	.		2h_1	0	0	0	0	0	0	0	0	0	0	0	0	17	19	17	0	0	0	0	0	0	0	0	0	0	0	0
NC_001491.2	LoRTIA	intron	125319	137904	2	.	.		2h_1	0	0	0	0	0	0	0	0	0	0	0	0	2	4	2	0	0	0	0	0	0	0	0	0	0	0	0
NC_001491.2	LoRTIA	intron	125313	137889	7	-	.	GT/AG	2h_1	0	0	0	0	0	0	0	0	0	0	0	0	7	4	3	0	0	0	0	0	0	0	0	0	0	0	0
NC_001491.2	LoRTIA	intron	125313	137886	6	-	.	GT/AG	2h_1	0	0	0	0	0	0	0	0	0	0	0	0	6	7	0	0	0	0	0	0	0	0	0	0	0	0	0
NC_001491.2	LoRTIA	intron	138636	138742	2	-	.	GT/AG	2h_1	0	0	0	0	0	0	0	0	0	0	0	0	2	0	0	0	0	0	0	0	0	0	0	0	0	0	0
NC_001491.2	LoRTIA	intron	124797	138315	3	.	.		2h_1	0	0	0	0	0	0	0	0	0	0	0	0	3	0	0	0	0	0	0	0	0	0	0	0	0	0	0
NC_001491.2	LoRTIA	intron	124787	138307	12	+	.	GT/AG	2h_1	0	0	0	0	0	0	0	0	0	0	0	0	12	20	6	0	0	0	0	0	0	0	0	0	0	0	0
NC_001491.2	LoRTIA	intron	121073	121274	7	.	.		2h_1	0	0	0	0	0	0	0	0	0	0	0	0	7	0	0	0	0	0	0	0	0	0	0	0	0	0	0
NC_001491.2	LoRTIA	intron	116204	147042	2	-	.	GC/AG	2h_1	0	0	0	0	0	0	0	0	0	0	0	0	2	0	0	0	0	0	0	0	0	0	0	0	0	0	0
NC_001491.2	LoRTIA	intron	116076	147049	2	+	.	GT/AG	2h_1	0	0	0	0	0	0	0	0	0	0	0	0	2	2	3	0	0	0	0	0	0	0	0	0	0	0	0
NC_001491.2	LoRTIA	intron	115157	147974	2	.	.		2h_1	0	0	0	0	0	0	0	0	0	0	0	0	2	0	0	0	0	0	0	0	0	0	0	0	0	0	0
NC_001491.2	LoRTIA	intron	114974	148147	2	.	.		2h_1	0	0	0	0	0	0	0	0	0	0	0	0	2	0	0	0	0	0	0	0	0	0	0	0	0	0	0
NC_001491.2	LoRTIA	intron	114491	148528	2	-	.	GC/AG	2h_1	0	0	0	0	0	0	0	0	0	0	0	0	2	0	0	0	0	0	0	0	0	0	0	0	0	0	0
NC_001491.2	LoRTIA	intron	114476	148528	2	-	.	GC/AG	2h_1	0	0	0	0	0	0	0	0	0	0	0	0	2	0	0	0	0	0	0	0	0	0	0	0	0	0	0
NC_001491.2	LoRTIA	intron	114428	148810	2	-	.	GC/AG	2h_1	0	0	0	0	0	0	0	0	0	0	0	0	2	0	0	0	0	0	0	0	0	0	0	0	0	0	0
NC_001491.2	LoRTIA	intron	114361	148762	2	+	.	GC/AG	2h_1	0	0	0	0	0	0	0	0	0	0	0	0	2	0	0	0	0	0	0	0	0	0	0	0	0	0	0
NC_001491.2	LoRTIA	intron	114154	149023	2	-	.	GT/AG	2h_1	0	0	0	0	0	0	0	0	0	0	0	0	2	0	0	0	0	0	0	0	0	0	0	0	0	0	0
NC_001491.2	LoRTIA	intron	114124	148981	2	.	.		2h_1	0	0	0	0	0	0	0	0	0	0	0	0	2	0	0	0	0	0	0	0	0	0	0	0	0	0	0
NC_001491.2	LoRTIA	intron	113940	149235	2	.	.		2h_1	0	0	0	0	0	0	0	0	0	0	0	0	2	0	0	0	0	0	0	0	0	0	0	0	0	0	0
NC_001491.2	LoRTIA	intron	55397	56588	2	.	.		2h_1	0	0	0	0	0	0	0	0	0	0	0	0	2	0	0	0	0	0	0	0	0	0	0	0	0	0	0
NC_001491.2	LoRTIA	intron	124772	138562	3	+	.	GC/AG	2h_1	0	0	0	0	0	0	0	0	0	0	0	0	3	8	2	0	0	0	0	0	0	0	0	0	0	0	0
NC_001491.2	LoRTIA	intron	124771	138562	2	.	.		2h_1	0	0	0	0	0	0	0	0	0	0	0	0	2	0	0	0	0	0	0	0	0	0	0	0	0	0	0
NC_001491.2	LoRTIA	intron	124677	138569	2	.	.		2h_1	0	0	0	0	0	0	0	0	0	0	0	0	2	0	0	0	0	0	0	0	0	0	0	0	0	0	0
NC_001491.2	LoRTIA	intron	124670	138562	3	+	.	GT/AG	2h_1	0	0	0	0	0	0	0	0	0	0	0	0	3	3	2	0	0	0	0	0	0	0	0	0	0	0	0
NC_001491.2	LoRTIA	intron	124668	138562	5	.	.		2h_1	0	0	0	0	0	0	0	0	0	0	0	0	5	4	4	0	0	0	0	0	0	0	0	0	0	0	0
NC_001491.2	LoRTIA	intron	124662	138562	3	+	.	GT/AG	2h_1	0	0	0	0	0	0	0	0	0	0	0	0	3	0	2	0	0	0	0	0	0	0	0	0	0	0	0
NC_001491.2	LoRTIA	intron	124598	138591	3	.	.		2h_1	0	0	0	0	0	0	0	0	0	0	0	0	3	2	0	0	0	0	0	0	0	0	0	0	0	0	0
NC_001491.2	LoRTIA	intron	124598	138388	7	-	.	GC/AG	2h_1	0	0	0	0	0	0	0	0	0	0	0	0	7	7	5	0	0	0	0	0	0	0	0	0	0	0	0
NC_001491.2	LoRTIA	intron	124598	138631	2	-	.	GT/AG	2h_1	0	0	0	0	0	0	0	0	0	0	0	0	2	0	0	0	0	0	0	0	0	0	0	0	0	0	0
NC_001491.2	LoRTIA	intron	124598	138387	2	.	.		2h_1	0	0	0	0	0	0	0	0	0	0	0	0	2	0	2	0	0	0	0	0	0	0	0	0	0	0	0
NC_001491.2	LoRTIA	intron	124598	138593	2	-	.	GC/AG	2h_1	0	0	0	0	0	0	0	0	0	0	0	0	2	0	0	0	0	0	0	0	0	0	0	0	0	0	0
NC_001491.2	LoRTIA	intron	124598	138389	2	.	.		2h_1	0	0	0	0	0	0	0	0	0	0	0	0	2	0	0	0	0	0	0	0	0	0	0	0	0	0	0
NC_001491.2	LoRTIA	intron	124790	138309	9	.	.		2h_1	0	0	0	0	0	0	0	0	0	0	0	0	9	7	7	0	0	0	0	0	0	0	0	0	0	0	0
NC_001491.2	LoRTIA	intron	124598	138492	6	.	.		2h_1	0	0	0	0	0	0	0	0	0	0	0	0	6	5	2	0	0	0	0	0	0	0	0	0	0	0	0
NC_001491.2	LoRTIA	intron	124595	138592	4	.	.		2h_1	0	0	0	0	0	0	0	0	0	0	0	0	4	0	0	0	0	0	0	0	0	0	0	0	0	0	0
NC_001491.2	LoRTIA	intron	124591	138586	2	.	.		2h_1	0	0	0	0	0	0	0	0	0	0	0	0	2	4	5	0	0	0	0	0	0	0	0	0	0	0	0
NC_001491.2	LoRTIA	intron	124589	138584	5	.	.		2h_1	0	0	0	0	0	0	0	0	0	0	0	0	5	12	6	0	0	0	0	0	0	0	0	0	0	0	0
NC_001491.2	LoRTIA	intron	124573	138567	2	.	.		2h_1	0	0	0	0	0	0	0	0	0	0	0	0	2	0	4	0	0	0	0	0	0	0	0	0	0	0	0
NC_001491.2	LoRTIA	intron	124570	138565	5	.	.		2h_1	0	0	0	0	0	0	0	0	0	0	0	0	5	2	5	0	0	0	0	0	0	0	0	0	0	0	0
NC_001491.2	LoRTIA	intron	124568	138565	4	.	.		2h_1	0	0	0	0	0	0	0	0	0	0	0	0	4	4	3	0	0	0	0	0	0	0	0	0	0	0	0
NC_001491.2	LoRTIA	intron	124529	138562	2	+	.	GT/AG	2h_1	0	0	0	0	0	0	0	0	0	0	0	0	2	0	0	0	0	0	0	0	0	0	0	0	0	0	0
NC_001491.2	LoRTIA	intron	124481	138592	2	.	.		2h_1	0	0	0	0	0	0	0	0	0	0	0	0	2	0	0	0	0	0	0	0	0	0	0	0	0	0	0
NC_001491.2	LoRTIA	intron	124361	138176	2	.	.		2h_1	0	0	0	0	0	0	0	0	0	0	0	0	2	0	0	0	0	0	0	0	0	0	0	0	0	0	0
NC_001491.2	LoRTIA	intron	124361	138393	2	.	.		2h_1	0	0	0	0	0	0	0	0	0	0	0	0	2	0	0	0	0	0	0	0	0	0	0	0	0	0	0
NC_001491.2	LoRTIA	intron	124598	138490	5	-	.	GT/AG	2h_1	0	0	0	0	0	0	0	0	0	0	0	0	5	0	0	0	0	0	0	0	0	0	0	0	0	0	0
NC_001491.2	LoRTIA	intron	125063	138118	2	.	.		2h_2	0	0	0	0	0	0	0	0	0	0	0	0	0	2	0	0	0	0	0	0	0	0	0	0	0	0	0
NC_001491.2	LoRTIA	intron	125054	138189	2	+	.	GT/AG	2h_2	0	0	0	0	0	0	0	0	0	0	0	0	0	2	2	0	0	0	0	0	0	0	0	0	0	0	0
NC_001491.2	LoRTIA	intron	125049	138101	2	.	.		2h_2	0	0	0	0	0	0	0	0	0	0	0	0	0	2	2	0	0	0	0	0	0	0	0	0	0	0	0
NC_001491.2	LoRTIA	intron	124983	138592	2	.	.		2h_2	0	0	0	0	0	0	0	0	0	0	0	0	0	2	0	0	0	0	0	0	0	0	0	0	0	0	0
NC_001491.2	LoRTIA	intron	124976	138121	2	+	.	GT/AG	2h_2	0	0	0	0	0	0	0	0	0	0	0	0	0	2	0	0	0	0	0	0	0	0	0	0	0	0	0
NC_001491.2	LoRTIA	intron	124944	138257	2	.	.		2h_2	0	0	0	0	0	0	0	0	0	0	0	0	0	2	0	0	0	0	0	0	0	0	0	0	0	0	0
NC_001491.2	LoRTIA	intron	124857	138403	3	.	.		2h_2	0	0	0	0	0	0	0	0	0	0	0	0	0	3	0	0	0	0	0	0	0	0	0	0	0	0	0
NC_001491.2	LoRTIA	intron	124853	138337	2	.	.		2h_2	0	0	0	0	0	0	0	0	0	0	0	0	0	2	0	0	0	0	0	0	0	0	0	0	0	0	0
NC_001491.2	LoRTIA	intron	124851	138346	2	.	.		2h_2	0	0	0	0	0	0	0	0	0	0	0	0	0	2	0	0	0	0	0	0	0	0	0	0	0	0	0
NC_001491.2	LoRTIA	intron	124850	138607	2	.	.		2h_2	0	0	0	0	0	0	0	0	0	0	0	0	0	2	0	0	0	0	0	0	0	0	0	0	0	0	0
NC_001491.2	LoRTIA	intron	124850	137844	2	.	.		2h_2	0	0	0	0	0	0	0	0	0	0	0	0	0	2	0	0	0	0	0	0	0	0	0	0	0	0	0
NC_001491.2	LoRTIA	intron	124845	138364	2	.	.		2h_2	0	0	0	0	0	0	0	0	0	0	0	0	0	2	0	0	0	0	0	0	0	0	0	0	0	0	0
NC_001491.2	LoRTIA	intron	124845	138607	2	.	.		2h_2	0	0	0	0	0	0	0	0	0	0	0	0	0	2	0	0	0	0	0	0	0	0	0	0	0	0	0
NC_001491.2	LoRTIA	intron	124841	138364	2	+	.	GT/AG	2h_2	0	0	0	0	0	0	0	0	0	0	0	0	0	2	2	0	0	0	0	0	0	0	0	0	0	0	0
NC_001491.2	LoRTIA	intron	124829	138315	3	.	.		2h_2	0	0	0	0	0	0	0	0	0	0	0	0	0	3	0	0	0	0	0	0	0	0	0	0	0	0	0
NC_001491.2	LoRTIA	intron	124829	137847	3	.	.		2h_2	0	0	0	0	0	0	0	0	0	0	0	0	0	3	0	0	0	0	0	0	0	0	0	0	0	0	0
NC_001491.2	LoRTIA	intron	124796	138319	2	-	.	GT/AG	2h_2	0	0	0	0	0	0	0	0	0	0	0	0	0	2	0	0	0	0	0	0	0	0	0	0	0	0	0
NC_001491.2	LoRTIA	intron	125339	138351	3	+	.	GT/AG	2h_2	0	0	0	0	0	0	0	0	0	0	0	0	0	3	0	0	0	0	0	0	0	0	0	0	0	0	0
NC_001491.2	LoRTIA	intron	125325	137886	2	.	.		2h_2	0	0	0	0	0	0	0	0	0	0	0	0	0	2	0	0	0	0	0	0	0	0	0	0	0	0	0
NC_001491.2	LoRTIA	intron	125321	137896	2	.	.		2h_2	0	0	0	0	0	0	0	0	0	0	0	0	0	2	0	0	0	0	0	0	0	0	0	0	0	0	0
NC_001491.2	LoRTIA	intron	125319	137880	2	.	.		2h_2	0	0	0	0	0	0	0	0	0	0	0	0	0	2	0	0	0	0	0	0	0	0	0	0	0	0	0
NC_001491.2	LoRTIA	intron	125318	137882	2	.	.		2h_2	0	0	0	0	0	0	0	0	0	0	0	0	0	2	0	0	0	0	0	0	0	0	0	0	0	0	0
NC_001491.2	LoRTIA	intron	125280	137844	2	+	.	GT/AG	2h_2	0	0	0	0	0	0	0	0	0	0	0	0	0	2	0	0	0	0	0	0	0	0	0	0	0	0	0
NC_001491.2	LoRTIA	intron	125280	137847	3	+	.	GT/AG	2h_2	0	0	0	0	0	0	0	0	0	0	0	0	0	3	0	0	0	0	0	0	0	0	0	0	0	0	0
NC_001491.2	LoRTIA	intron	125278	137839	2	.	.		2h_2	0	0	0	0	0	0	0	0	0	0	0	0	0	2	0	0	0	0	0	0	0	0	0	0	0	0	0
NC_001491.2	LoRTIA	intron	125278	137837	6	.	.		2h_2	0	0	0	0	0	0	0	0	0	0	0	0	0	6	0	0	0	0	0	0	0	0	0	0	0	0	0
NC_001491.2	LoRTIA	intron	125274	137847	4	+	.	GT/AG	2h_2	0	0	0	0	0	0	0	0	0	0	0	0	0	4	3	0	0	0	0	0	0	0	0	0	0	0	0
NC_001491.2	LoRTIA	intron	125323	137882	2	.	.		2h_2	0	0	0	0	0	0	0	0	0	0	0	0	0	2	3	0	0	0	0	0	0	0	0	0	0	0	0
NC_001491.2	LoRTIA	intron	124773	138562	2	.	.		2h_2	0	0	0	0	0	0	0	0	0	0	0	0	0	2	2	0	0	0	0	0	0	0	0	0	0	0	0
NC_001491.2	LoRTIA	intron	115188	148003	2	.	.		2h_2	0	0	0	0	0	0	0	0	0	0	0	0	0	2	0	0	0	0	0	0	0	0	0	0	0	0	0
NC_001491.2	LoRTIA	intron	115157	147972	2	.	.		2h_2	0	0	0	0	0	0	0	0	0	0	0	0	0	2	0	0	0	0	0	0	0	0	0	0	0	0	0
NC_001491.2	LoRTIA	intron	115073	148095	2	.	.		2h_2	0	0	0	0	0	0	0	0	0	0	0	0	0	2	0	0	0	0	0	0	0	0	0	0	0	0	0
NC_001491.2	LoRTIA	intron	115058	148083	2	.	.		2h_2	0	0	0	0	0	0	0	0	0	0	0	0	0	2	0	0	0	0	0	0	0	0	0	0	0	0	0
NC_001491.2	LoRTIA	intron	114590	148605	2	-	.	GC/AG	2h_2	0	0	0	0	0	0	0	0	0	0	0	0	0	2	0	0	0	0	0	0	0	0	0	0	0	0	0
NC_001491.2	LoRTIA	intron	114239	148896	3	.	.		2h_2	0	0	0	0	0	0	0	0	0	0	0	0	0	3	4	0	0	0	0	0	0	0	0	0	0	0	0
NC_001491.2	LoRTIA	intron	113035	149221	2	.	.		2h_2	0	0	0	0	0	0	0	0	0	0	0	0	0	2	0	0	0	0	0	0	0	0	0	0	0	0	0
NC_001491.2	LoRTIA	intron	110402	111269	2	.	.		2h_2	0	0	0	0	0	0	0	0	0	0	0	0	0	2	0	0	0	0	0	0	0	0	0	0	0	0	0
NC_001491.2	LoRTIA	intron	65101	69903	4	+	.	GT/AG	2h_2	0	0	0	0	0	0	0	0	0	0	0	0	0	4	0	0	0	0	0	0	0	0	0	0	0	0	0
NC_001491.2	LoRTIA	intron	121137	121286	2	+	.	GT/AG	2h_2	0	0	0	0	0	0	0	0	0	0	0	0	0	2	0	0	0	2	0	0	0	0	0	0	0	0	2
NC_001491.2	LoRTIA	intron	124409	138592	3	.	.		2h_2	0	0	0	0	0	0	0	0	0	0	0	0	0	3	0	0	0	0	0	0	0	0	0	0	0	0	0
NC_001491.2	LoRTIA	intron	124770	138562	2	.	.		2h_2	0	0	0	0	0	0	0	0	0	0	0	0	0	2	0	0	0	0	0	0	0	0	0	0	0	0	0
NC_001491.2	LoRTIA	intron	124767	138799	2	.	.		2h_2	0	0	0	0	0	0	0	0	0	0	0	0	0	2	0	0	0	0	0	0	0	0	0	0	0	0	0
NC_001491.2	LoRTIA	intron	124677	138572	2	.	.		2h_2	0	0	0	0	0	0	0	0	0	0	0	0	0	2	0	0	0	0	0	0	0	0	0	0	0	0	0
NC_001491.2	LoRTIA	intron	124662	138444	2	.	.		2h_2	0	0	0	0	0	0	0	0	0	0	0	0	0	2	0	0	0	0	0	0	0	0	0	0	0	0	0
NC_001491.2	LoRTIA	intron	124625	138421	3	.	.		2h_2	0	0	0	0	0	0	0	0	0	0	0	0	0	3	0	0	0	0	0	0	0	0	0	0	0	0	0
NC_001491.2	LoRTIA	intron	124617	138586	2	.	.		2h_2	0	0	0	0	0	0	0	0	0	0	0	0	0	2	0	0	0	0	0	0	0	0	0	0	0	0	0
NC_001491.2	LoRTIA	intron	124598	138598	4	-	.	GT/AG	2h_2	0	0	0	0	0	0	0	0	0	0	0	0	0	4	0	0	0	0	0	0	0	0	0	0	0	0	0
NC_001491.2	LoRTIA	intron	124787	138305	5	+	.	GT/AG	2h_2	0	0	0	0	0	0	0	0	0	0	0	0	0	5	3	0	0	0	0	0	0	0	0	0	0	0	0
NC_001491.2	LoRTIA	intron	124593	138587	2	.	.		2h_2	0	0	0	0	0	0	0	0	0	0	0	0	0	2	4	0	0	0	0	0	0	0	0	0	0	0	0
NC_001491.2	LoRTIA	intron	124589	138586	2	.	.		2h_2	0	0	0	0	0	0	0	0	0	0	0	0	0	2	0	0	0	0	0	0	0	0	0	0	0	0	0
NC_001491.2	LoRTIA	intron	124568	138679	2	.	.		2h_2	0	0	0	0	0	0	0	0	0	0	0	0	0	2	0	0	0	0	0	0	0	0	0	0	0	0	0
NC_001491.2	LoRTIA	intron	124567	138562	2	+	.	GC/AG	2h_2	0	0	0	0	0	0	0	0	0	0	0	0	0	2	0	0	0	0	0	0	0	0	0	0	0	0	0
NC_001491.2	LoRTIA	intron	124562	138562	2	+	.	GT/AG	2h_2	0	0	0	0	0	0	0	0	0	0	0	0	0	2	0	0	0	0	0	0	0	0	0	0	0	0	0
NC_001491.2	LoRTIA	intron	124553	138495	2	.	.		2h_2	0	0	0	0	0	0	0	0	0	0	0	0	0	2	0	0	0	0	0	0	0	0	0	0	0	0	0
NC_001491.2	LoRTIA	intron	124553	138666	2	.	.		2h_2	0	0	0	0	0	0	0	0	0	0	0	0	0	2	2	0	0	0	0	0	0	0	0	0	0	0	0
NC_001491.2	LoRTIA	intron	124550	138663	2	.	.		2h_2	0	0	0	0	0	0	0	0	0	0	0	0	0	2	0	0	0	0	0	0	0	0	0	0	0	0	0
NC_001491.2	LoRTIA	intron	124549	138663	2	.	.		2h_2	0	0	0	0	0	0	0	0	0	0	0	0	0	2	0	0	0	0	0	0	0	0	0	0	0	0	0
NC_001491.2	LoRTIA	intron	124497	138610	3	.	.		2h_2	0	0	0	0	0	0	0	0	0	0	0	0	0	3	0	0	0	0	0	0	0	0	0	0	0	0	0
NC_001491.2	LoRTIA	intron	124418	138307	2	+	.	GT/AG	2h_2	0	0	0	0	0	0	0	0	0	0	0	0	0	2	0	0	0	0	0	0	0	0	0	0	0	0	0
NC_001491.2	LoRTIA	intron	4486	4887	2	+	.	GT/AG	2h_3	0	0	0	0	0	0	0	0	0	0	0	0	0	0	2	0	0	0	0	0	0	0	0	0	0	0	0
NC_001491.2	LoRTIA	intron	125219	137821	2	-	.	GT/AG	2h_3	0	0	0	0	0	0	0	0	0	0	0	0	0	0	2	0	0	0	0	0	0	0	0	0	0	0	0
NC_001491.2	LoRTIA	intron	125059	138111	3	.	.		2h_3	0	0	0	0	0	0	0	0	0	0	0	0	0	0	3	0	0	0	0	0	0	0	0	0	0	0	0
NC_001491.2	LoRTIA	intron	124984	138799	2	.	.		2h_3	0	0	0	0	0	0	0	0	0	0	0	0	0	0	2	0	0	0	0	0	0	0	0	0	0	0	0
NC_001491.2	LoRTIA	intron	124931	137826	2	-	.	GT/AG	2h_3	0	0	0	0	0	0	0	0	0	0	0	0	0	0	2	0	0	0	0	0	0	0	0	0	0	0	0
NC_001491.2	LoRTIA	intron	124845	138333	2	.	.		2h_3	0	0	0	0	0	0	0	0	0	0	0	0	0	0	2	0	0	0	0	0	0	0	0	0	0	0	0
NC_001491.2	LoRTIA	intron	141892	142091	2	.	.		2h_3	0	0	0	0	0	0	0	0	0	0	0	0	0	0	2	0	0	0	0	0	2	0	0	0	0	0	2
NC_001491.2	LoRTIA	intron	138448	138598	2	-	.	GT/AG	2h_3	0	0	0	0	0	0	0	0	0	0	0	0	0	0	2	0	0	0	0	0	0	0	0	0	0	0	0
NC_001491.2	LoRTIA	intron	125342	137945	2	-	.	GT/AG	2h_3	0	0	0	0	0	0	0	0	0	0	0	0	0	0	2	0	0	0	0	0	0	0	0	0	0	0	0
NC_001491.2	LoRTIA	intron	125342	137958	2	-	.	GT/AG	2h_3	0	0	0	0	0	0	0	0	0	0	0	0	0	0	2	0	0	0	0	0	0	0	0	0	0	0	0
NC_001491.2	LoRTIA	intron	124814	137826	2	-	.	GT/AG	2h_3	0	0	0	0	0	0	0	0	0	0	0	0	0	0	2	0	0	0	0	0	0	0	0	0	0	0	0
NC_001491.2	LoRTIA	intron	124802	138307	2	+	.	GT/AG	2h_3	0	0	0	0	0	0	0	0	0	0	0	0	0	0	2	0	0	0	0	0	0	0	0	0	0	0	0
NC_001491.2	LoRTIA	intron	124796	138315	2	.	.		2h_3	0	0	0	0	0	0	0	0	0	0	0	0	0	0	2	0	0	0	0	0	0	0	0	0	0	0	0
NC_001491.2	LoRTIA	intron	115076	148102	4	.	.		2h_3	0	0	0	0	0	0	0	0	0	0	0	0	0	0	4	0	0	0	0	0	0	0	0	0	0	0	0
NC_001491.2	LoRTIA	intron	114562	148665	2	.	.		2h_3	0	0	0	0	0	0	0	0	0	0	0	0	0	0	2	0	0	0	0	0	0	0	0	0	0	0	0
NC_001491.2	LoRTIA	intron	114137	149006	3	+	.	GT/AG	2h_3	0	0	0	0	0	0	0	0	0	0	0	0	0	0	3	0	0	0	0	0	0	0	0	0	0	0	0
NC_001491.2	LoRTIA	intron	55717	59104	2	.	.		2h_3	0	0	0	0	0	0	0	0	0	0	0	0	0	0	2	0	0	0	0	0	0	0	0	0	0	0	0
NC_001491.2	LoRTIA	intron	124375	137826	2	-	.	GT/AG	2h_3	0	0	0	0	0	0	0	0	0	0	0	0	0	0	2	0	0	0	0	0	0	0	0	0	0	0	0
NC_001491.2	LoRTIA	intron	124443	138785	2	+	.	GC/AG	2h_3	0	0	0	0	0	0	0	0	0	0	0	0	0	0	2	0	0	0	0	0	0	0	0	0	0	0	0
NC_001491.2	LoRTIA	intron	124739	138535	2	.	.		2h_3	0	0	0	0	0	0	0	0	0	0	0	0	0	0	2	0	0	0	0	0	0	0	0	0	0	0	0
NC_001491.2	LoRTIA	intron	124589	138378	2	-	.	GT/AG	2h_3	0	0	0	0	0	0	0	0	0	0	0	0	0	0	2	0	0	0	0	0	0	0	0	0	0	0	0
NC_001491.2	LoRTIA	intron	124570	138566	3	.	.		2h_3	0	0	0	0	0	0	0	0	0	0	0	0	0	0	3	0	0	0	0	0	0	0	0	0	0	0	0
NC_001491.2	LoRTIA	intron	124494	138607	2	.	.		2h_3	0	0	0	0	0	0	0	0	0	0	0	0	0	0	2	0	0	0	0	0	0	0	0	0	0	0	0
NC_001491.2	LoRTIA	intron	144057	144433	2	+	.	GT/AG	2h_3	0	0	0	0	0	0	0	0	0	0	0	0	0	0	2	0	0	0	0	0	0	0	0	0	0	0	2
NC_001491.2	LoRTIA	intron	446	572	2	-	.	GT/AG	48h-1	0	0	0	0	0	0	0	0	0	0	0	0	0	0	0	2	0	0	0	0	0	0	0	0	0	0	0
NC_001491.2	LoRTIA	intron	110417	110937	3	-	.	AT/AC	48h-1	0	0	0	0	0	0	0	0	0	0	0	0	0	0	0	3	0	5	0	0	0	0	0	0	0	0	0
NC_001491.2	LoRTIA	intron	110417	111852	3	.	.		48h-1	0	0	0	0	0	0	0	0	0	0	0	0	0	0	0	3	2	3	0	0	0	0	0	0	0	0	0
NC_001491.2	LoRTIA	intron	110432	111271	2	.	.		48h-1	0	0	0	0	0	0	0	0	0	0	0	0	0	0	0	2	0	0	0	0	0	0	0	0	0	0	0
NC_001491.2	LoRTIA	intron	110864	112895	3	.	.		48h-1	0	0	0	0	0	0	0	0	0	0	0	0	0	0	0	3	0	0	0	0	0	0	0	0	0	0	0
NC_001491.2	LoRTIA	intron	111068	111153	2	+	.	GT/AG	48h-1	0	0	0	0	0	0	0	0	0	0	0	0	0	0	0	2	0	0	0	0	0	0	0	0	0	0	0
NC_001491.2	LoRTIA	intron	111084	111153	2	+	.	GT/AG	48h-1	0	0	0	0	0	0	0	0	0	0	0	0	0	0	0	2	0	0	0	0	0	0	0	0	0	0	0
NC_001491.2	LoRTIA	intron	112410	112593	2	.	.		48h-1	0	0	0	0	0	0	0	0	0	0	0	0	0	0	0	2	0	0	0	0	0	0	0	0	0	0	0
NC_001491.2	LoRTIA	intron	113360	113706	2	.	.		48h-1	0	0	0	0	0	0	0	0	0	0	0	0	0	0	0	2	2	2	0	0	0	0	0	0	0	0	0
NC_001491.2	LoRTIA	intron	113368	113714	2	.	.		48h-1	0	0	0	0	0	0	0	0	0	0	0	0	0	0	0	2	0	0	0	0	0	0	0	0	0	0	0
NC_001491.2	LoRTIA	intron	113370	113694	2	.	.		48h-1	0	0	0	0	0	0	0	0	0	0	0	0	0	0	0	2	0	0	0	0	0	0	0	0	0	0	0
NC_001491.2	LoRTIA	intron	113396	113742	3	.	.		48h-1	0	0	0	0	0	0	0	0	0	0	0	0	0	0	0	3	0	2	0	0	0	0	0	0	0	0	0
NC_001491.2	LoRTIA	intron	113406	113754	2	.	.		48h-1	0	0	0	0	0	0	0	0	0	0	0	0	0	0	0	2	0	0	0	0	0	0	0	0	0	0	0
NC_001491.2	LoRTIA	intron	113420	113766	2	.	.		48h-1	0	0	0	0	0	0	0	0	0	0	0	0	0	0	0	2	0	0	0	0	0	0	0	0	0	0	0
NC_001491.2	LoRTIA	intron	113430	113778	2	.	.		48h-1	0	0	0	0	0	0	0	0	0	0	0	0	0	0	0	2	0	2	0	0	0	0	0	0	0	0	0
NC_001491.2	LoRTIA	intron	113442	113790	2	.	.		48h-1	0	0	0	0	0	0	0	0	0	0	0	0	0	0	0	2	0	0	0	0	0	0	0	0	0	0	0
NC_001491.2	LoRTIA	intron	113358	113706	2	.	.		48h-1	0	0	0	0	0	0	0	0	0	0	0	0	0	0	0	2	2	0	0	0	0	0	0	0	0	0	0
NC_001491.2	LoRTIA	intron	108398	108479	2	-	.	GT/AG	48h-1	0	0	0	0	0	0	0	0	0	0	0	0	0	0	0	2	0	0	0	0	0	0	0	0	0	0	0
NC_001491.2	LoRTIA	intron	98132	102685	13	+	.	GT/AG	48h-1	0	0	0	0	0	0	0	0	0	0	0	0	0	0	0	13	0	0	0	0	0	0	0	0	0	0	0
NC_001491.2	LoRTIA	intron	98132	104226	9	+	.	GT/AG	48h-1	0	0	0	0	0	0	0	0	0	0	0	0	0	0	0	9	11	0	0	0	0	0	0	0	0	0	0
NC_001491.2	LoRTIA	intron	99970	100481	2	.	.		48h-1	0	0	0	0	0	0	0	0	0	0	0	0	0	0	0	2	0	0	0	0	0	0	0	0	0	0	0
NC_001491.2	LoRTIA	intron	102035	102345	2	+	.	GT/AG	48h-1	0	0	0	0	0	0	0	0	0	0	0	0	0	0	0	2	2	2	0	0	0	0	0	0	0	0	0
NC_001491.2	LoRTIA	intron	102035	102685	2	+	.	GT/AG	48h-1	0	0	0	0	0	0	0	0	0	0	0	0	0	0	0	2	0	2	0	0	0	0	0	0	0	0	0
NC_001491.2	LoRTIA	intron	103372	104226	8	+	.	GT/AG	48h-1	0	0	0	0	0	0	0	0	0	0	0	0	0	0	0	8	9	6	0	0	0	0	0	0	0	0	0
NC_001491.2	LoRTIA	intron	103376	104226	18	+	.	GT/AG	48h-1	0	0	0	0	0	0	0	0	0	0	0	0	0	0	0	18	7	17	0	0	0	0	0	0	0	0	0
NC_001491.2	LoRTIA	intron	103590	104226	6	+	.	GT/AG	48h-1	0	0	0	0	0	0	0	0	0	0	0	0	0	0	0	6	15	10	0	0	0	0	0	0	0	0	0
NC_001491.2	LoRTIA	intron	96697	97975	19	+	.	GT/AG	48h-1	0	0	0	0	0	0	0	0	0	0	0	0	0	0	0	19	20	17	0	0	0	0	0	0	0	0	0
NC_001491.2	LoRTIA	intron	138056	138331	2	.	.		48h-1	0	0	0	0	0	0	0	0	0	0	0	0	0	0	0	2	0	0	0	0	0	0	0	0	0	0	0
NC_001491.2	LoRTIA	intron	141941	141982	2	.	.		48h-1	0	0	0	0	0	0	0	0	0	0	0	0	0	0	0	2	0	0	0	0	0	0	0	0	0	0	0
NC_001491.2	LoRTIA	intron	149362	149709	3	.	.		48h-1	0	0	0	0	0	0	0	0	0	0	0	0	0	0	0	3	0	0	0	0	0	0	0	0	0	0	0
NC_001491.2	LoRTIA	intron	149370	149777	2	.	.		48h-1	0	0	0	0	0	0	0	0	0	0	0	0	0	0	0	2	0	0	0	0	0	0	0	0	0	0	0
NC_001491.2	LoRTIA	intron	149382	149730	2	.	.		48h-1	0	0	0	0	0	0	0	0	0	0	0	0	0	0	0	2	0	0	0	0	0	0	0	0	0	0	0
NC_001491.2	LoRTIA	intron	149394	149740	3	.	.		48h-1	0	0	0	0	0	0	0	0	0	0	0	0	0	0	0	3	0	2	0	0	0	0	0	0	0	0	0
NC_001491.2	LoRTIA	intron	149418	149764	2	.	.		48h-1	0	0	0	0	0	0	0	0	0	0	0	0	0	0	0	2	0	2	0	0	0	0	0	0	0	0	0
NC_001491.2	LoRTIA	intron	149442	149778	2	.	.		48h-1	0	0	0	0	0	0	0	0	0	0	0	0	0	0	0	2	0	0	0	0	0	0	0	0	0	0	0
NC_001491.2	LoRTIA	intron	149454	149802	2	.	.		48h-1	0	0	0	0	0	0	0	0	0	0	0	0	0	0	0	2	2	0	0	0	0	0	0	0	0	0	0
NC_001491.2	LoRTIA	intron	149454	149800	2	.	.		48h-1	0	0	0	0	0	0	0	0	0	0	0	0	0	0	0	2	0	0	0	0	0	0	0	0	0	0	0
NC_001491.2	LoRTIA	intron	136991	137678	2	.	.		48h-1	0	0	0	0	0	0	0	0	0	0	0	0	0	0	0	2	0	0	0	0	0	0	0	0	0	0	0
NC_001491.2	LoRTIA	intron	133463	134044	4	.	.		48h-1	0	0	0	0	0	0	0	0	0	0	0	0	0	0	0	4	0	0	0	0	0	0	0	0	0	0	0
NC_001491.2	LoRTIA	intron	133453	134064	4	.	.		48h-1	0	0	0	0	0	0	0	0	0	0	0	0	0	0	0	4	0	4	0	0	0	0	0	0	0	0	0
NC_001491.2	LoRTIA	intron	121109	121157	4	.	.		48h-1	0	0	0	0	0	0	0	0	0	0	0	0	0	0	0	4	0	2	0	0	0	0	0	0	0	0	0
NC_001491.2	LoRTIA	intron	121172	121286	2	+	.	GT/AG	48h-1	0	0	0	0	0	0	0	0	0	0	0	0	0	0	0	2	0	0	0	0	0	0	0	0	0	0	0
NC_001491.2	LoRTIA	intron	124829	125104	2	.	.		48h-1	0	0	0	0	0	0	0	0	0	0	0	0	0	0	0	2	0	0	0	0	0	0	0	0	0	0	0
NC_001491.2	LoRTIA	intron	125105	125459	2	.	.		48h-1	0	0	0	0	0	0	0	0	0	0	0	0	0	0	0	2	0	0	0	0	0	0	0	0	0	0	0
NC_001491.2	LoRTIA	intron	125235	126125	6	-	.	GT/AG	48h-1	0	0	0	0	0	0	0	0	0	0	0	0	0	0	0	6	5	13	0	0	0	0	0	0	0	0	0
NC_001491.2	LoRTIA	intron	125236	128673	2	.	.		48h-1	0	0	0	0	0	0	0	0	0	0	0	0	0	0	0	2	0	0	0	0	0	0	0	0	0	0	0
NC_001491.2	LoRTIA	intron	126254	127001	2	-	.	GT/AG	48h-1	0	0	0	0	0	0	0	0	0	0	0	0	0	0	0	2	0	0	0	0	0	0	0	0	0	0	0
NC_001491.2	LoRTIA	intron	129102	129458	2	.	.		48h-1	0	0	0	0	0	0	0	0	0	0	0	0	0	0	0	2	0	0	0	0	0	0	0	0	0	0	0
NC_001491.2	LoRTIA	intron	129179	129602	2	-	.	GT/AG	48h-1	0	0	0	0	0	0	0	0	0	0	0	0	0	0	0	2	0	0	0	0	0	0	0	0	0	0	0
NC_001491.2	LoRTIA	intron	149462	149824	5	.	.		48h-1	0	0	0	0	0	0	0	0	0	0	0	0	0	0	0	5	0	2	0	0	0	0	0	0	0	0	0
NC_001491.2	LoRTIA	intron	21963	24940	3	+	.	GT/AG	48h-1	0	0	0	0	0	0	0	0	0	0	0	0	0	0	0	3	0	0	0	0	0	0	0	0	0	0	0
NC_001491.2	LoRTIA	intron	23569	24940	5	+	.	GT/AG	48h-1	0	0	0	0	0	0	0	0	0	0	0	0	0	0	0	5	3	4	0	0	0	0	0	0	0	0	0
NC_001491.2	LoRTIA	intron	24128	24940	2	+	.	GT/AG	48h-1	0	0	0	0	0	0	0	0	0	0	0	0	0	0	0	2	2	2	0	0	0	0	0	0	0	0	0
NC_001491.2	LoRTIA	intron	24381	25754	2	+	.	GT/AG	48h-1	0	0	0	0	0	0	0	0	0	0	0	0	0	0	0	2	0	0	0	0	0	0	0	0	0	0	0
NC_001491.2	LoRTIA	intron	24582	24642	4	.	.		48h-1	0	0	0	0	0	0	0	0	0	0	0	0	0	0	0	4	0	0	0	0	0	5	0	0	0	0	0
NC_001491.2	LoRTIA	intron	24590	24644	2	.	.		48h-1	0	0	0	0	0	0	0	0	0	0	0	0	0	0	0	2	0	0	0	0	0	0	0	0	0	0	0
NC_001491.2	LoRTIA	intron	24634	25068	2	.	.		48h-1	0	0	0	0	0	0	0	0	0	0	0	0	0	0	0	2	0	0	0	0	0	0	0	2	0	0	0
NC_001491.2	LoRTIA	intron	24695	24940	2	+	.	GT/AG	48h-1	0	0	0	0	0	0	0	0	0	0	0	0	0	0	0	2	0	2	0	0	0	0	0	0	0	0	0
NC_001491.2	LoRTIA	intron	25275	26703	3	+	.	GT/AG	48h-1	0	0	0	0	0	0	0	0	0	0	0	0	0	0	0	3	0	2	0	0	0	0	0	0	0	0	0
NC_001491.2	LoRTIA	intron	503	626	2	-	.	GT/AG	48h-1	0	0	0	0	0	0	0	0	0	0	0	0	0	0	0	2	0	0	0	0	0	0	0	0	0	0	0
NC_001491.2	LoRTIA	intron	4795	6539	4	+	.	GT/AG	48h-1	0	0	0	0	0	0	0	0	0	0	0	0	0	0	0	4	6	8	0	0	0	0	0	0	2	0	0
NC_001491.2	LoRTIA	intron	5679	9509	2	+	.	GT/AG	48h-1	0	0	0	0	0	0	0	0	0	0	0	0	0	0	0	2	2	3	0	0	0	0	0	0	0	0	0
NC_001491.2	LoRTIA	intron	6150	6596	2	+	.	GT/AG	48h-1	0	0	0	0	0	0	0	0	0	0	0	0	0	0	0	2	0	0	0	0	0	0	0	0	0	0	0
NC_001491.2	LoRTIA	intron	6660	6739	2	+	.	GT/AG	48h-1	0	0	0	0	0	0	0	0	0	0	0	0	0	0	0	2	0	0	0	0	0	0	0	0	0	0	0
NC_001491.2	LoRTIA	intron	7251	10681	3	+	.	GT/AG	48h-1	0	0	0	0	0	0	0	0	0	0	0	0	0	0	0	3	2	0	0	0	0	0	0	0	0	0	0
NC_001491.2	LoRTIA	intron	10188	10229	2	+	.	GT/AG	48h-1	0	0	0	0	0	0	0	0	0	0	0	0	0	0	0	2	0	0	0	0	0	0	0	0	0	0	0
NC_001491.2	LoRTIA	intron	31632	32633	4	.	.		48h-1	0	0	0	0	0	0	0	0	0	0	0	0	0	0	0	4	0	0	0	0	0	0	0	0	0	2	0
NC_001491.2	LoRTIA	intron	76112	76832	2	-	.	GT/AG	48h-1	0	0	0	0	0	0	0	0	0	0	0	0	0	0	0	2	0	0	0	0	0	0	0	0	0	0	0
NC_001491.2	LoRTIA	intron	78145	78302	4	+	.	GT/AG	48h-1	0	0	0	0	0	0	0	0	0	0	0	0	0	0	0	4	4	3	0	0	0	0	0	0	0	0	0
NC_001491.2	LoRTIA	intron	81238	81301	7	.	.		48h-1	0	0	0	0	0	0	0	0	0	0	0	0	0	0	0	7	5	0	0	0	0	0	0	0	0	0	0
NC_001491.2	LoRTIA	intron	74698	75864	2	+	.	GT/AG	48h-1	0	0	0	0	0	0	0	0	0	0	0	0	0	0	0	2	0	0	0	0	0	0	0	0	0	0	0
NC_001491.2	LoRTIA	intron	74386	74444	2	+	.	GT/AG	48h-1	0	0	0	0	0	0	0	0	0	0	0	0	0	0	0	2	0	0	0	0	0	0	0	0	0	0	0
NC_001491.2	LoRTIA	intron	35795	36095	2	+	.	GT/AG	48h-1	0	0	0	0	0	0	0	0	0	0	0	0	0	0	0	2	4	0	0	0	0	0	0	0	0	0	0
NC_001491.2	LoRTIA	intron	46457	46763	2	.	.		48h-1	0	0	0	0	0	0	0	0	0	0	0	0	0	0	0	2	0	0	0	0	0	0	0	0	0	0	0
NC_001491.2	LoRTIA	intron	51047	51622	2	.	.		48h-1	0	0	0	0	0	0	0	0	0	0	0	0	0	0	0	2	0	0	0	0	0	0	0	0	0	0	0
NC_001491.2	LoRTIA	intron	52259	52913	3	-	.	GT/AG	48h-1	0	0	0	0	0	0	0	0	0	0	0	0	0	0	0	3	0	3	0	0	0	0	0	0	0	0	0
NC_001491.2	LoRTIA	intron	61782	63369	2	.	.		48h-1	0	0	0	0	0	0	0	0	0	0	0	0	0	0	0	2	0	0	0	0	0	0	0	0	0	0	0
NC_001491.2	LoRTIA	intron	63265	63666	2	-	.	GT/AG	48h-1	0	0	0	0	0	0	0	0	0	0	0	0	0	0	0	2	0	0	0	0	0	0	0	0	0	0	0
NC_001491.2	LoRTIA	intron	73883	74106	14	.	.		48h-1	0	0	0	0	0	0	0	0	0	0	0	0	0	0	0	14	0	0	0	0	0	0	0	0	0	0	0
NC_001491.2	LoRTIA	intron	74239	81899	2	-	.	GT/AG	48h-1	0	0	0	0	0	0	0	0	0	0	0	0	0	0	0	2	0	0	0	0	0	0	0	0	0	0	0
NC_001491.2	LoRTIA	intron	28784	28869	3	-	.	GT/AG	48h-1	0	0	0	0	0	0	0	0	0	0	0	0	0	0	0	3	0	2	0	0	0	0	0	0	0	0	0
NC_001491.2	LoRTIA	intron	149466	149790	2	.	.		48h-1	0	0	0	0	0	0	0	0	0	0	0	0	0	0	0	2	0	0	0	0	0	0	0	0	0	0	0
NC_001491.2	LoRTIA	intron	392	518	2	-	.	GT/AG	48h-2	0	0	0	0	0	0	0	0	0	0	0	0	0	0	0	0	2	2	0	0	0	0	0	0	0	0	0
NC_001491.2	LoRTIA	intron	107622	108095	2	.	.		48h-2	0	0	0	0	0	0	0	0	0	0	0	0	0	0	0	0	2	0	0	0	0	0	0	0	0	0	0
NC_001491.2	LoRTIA	intron	107903	108008	2	-	.	GT/AG	48h-2	0	0	0	0	0	0	0	0	0	0	0	0	0	0	0	0	2	0	0	0	0	0	0	0	0	0	0
NC_001491.2	LoRTIA	intron	110421	111767	2	.	.		48h-2	0	0	0	0	0	0	0	0	0	0	0	0	0	0	0	0	2	3	0	0	0	0	0	0	0	0	0
NC_001491.2	LoRTIA	intron	110531	112490	2	+	.	GT/AG	48h-2	0	0	0	0	0	0	0	0	0	0	0	0	0	0	0	0	2	0	0	0	0	0	0	0	0	0	0
NC_001491.2	LoRTIA	intron	113216	113698	2	.	.		48h-2	0	0	0	0	0	0	0	0	0	0	0	0	0	0	0	0	2	0	0	0	0	0	0	0	0	0	0
NC_001491.2	LoRTIA	intron	113351	113698	2	.	.		48h-2	0	0	0	0	0	0	0	0	0	0	0	0	0	0	0	0	2	0	0	0	0	0	0	0	0	0	0
NC_001491.2	LoRTIA	intron	113358	113686	2	.	.		48h-2	0	0	0	0	0	0	0	0	0	0	0	0	0	0	0	0	2	0	0	0	0	0	0	0	0	0	0
NC_001491.2	LoRTIA	intron	97270	105513	13	+	.	GT/AG	48h-2	0	0	0	0	0	0	0	0	0	0	0	0	0	0	0	0	13	0	0	0	0	0	0	0	0	0	0
NC_001491.2	LoRTIA	intron	113370	113778	2	.	.		48h-2	0	0	0	0	0	0	0	0	0	0	0	0	0	0	0	0	2	0	0	0	0	0	0	0	0	0	0
NC_001491.2	LoRTIA	intron	100928	102345	2	+	.	GT/AG	48h-2	0	0	0	0	0	0	0	0	0	0	0	0	0	0	0	0	2	4	0	0	0	0	0	0	0	0	0
NC_001491.2	LoRTIA	intron	100928	101419	3	+	.	GT/AG	48h-2	0	0	0	0	0	0	0	0	0	0	0	0	0	0	0	0	3	0	0	0	0	0	0	0	0	0	0
NC_001491.2	LoRTIA	intron	102035	102175	2	+	.	GT/AG	48h-2	0	0	0	0	0	0	0	0	0	0	0	0	0	0	0	0	2	0	0	0	0	0	0	0	0	0	0
NC_001491.2	LoRTIA	intron	102501	102685	3	+	.	GT/AG	48h-2	0	0	0	0	0	0	0	0	0	0	0	0	0	0	0	0	3	0	0	0	0	0	0	0	0	0	0
NC_001491.2	LoRTIA	intron	102709	102839	3	+	.	GT/AG	48h-2	0	0	0	0	0	0	0	0	0	0	0	0	0	0	0	0	3	7	0	0	0	0	0	0	0	0	0
NC_001491.2	LoRTIA	intron	100928	104226	4	+	.	GT/AG	48h-2	0	0	0	0	0	0	0	0	0	0	0	0	0	0	0	0	4	0	0	0	0	0	0	0	0	0	0
NC_001491.2	LoRTIA	intron	113418	113754	2	.	.		48h-2	0	0	0	0	0	0	0	0	0	0	0	0	0	0	0	0	2	0	0	0	0	0	0	0	0	0	0
NC_001491.2	LoRTIA	intron	138016	138447	2	.	.		48h-2	0	0	0	0	0	0	0	0	0	0	0	0	0	0	0	0	2	0	0	0	2	0	0	0	0	0	0
NC_001491.2	LoRTIA	intron	138984	139253	2	.	.		48h-2	0	0	0	0	0	0	0	0	0	0	0	0	0	0	0	0	2	0	0	0	0	0	0	0	0	0	0
NC_001491.2	LoRTIA	intron	139038	139311	2	-	.	GT/AG	48h-2	0	0	0	0	0	0	0	0	0	0	0	0	0	0	0	0	2	2	0	0	0	0	0	0	0	0	0
NC_001491.2	LoRTIA	intron	141795	141844	2	.	.		48h-2	0	0	0	0	0	0	0	0	0	0	0	0	0	0	0	0	2	0	0	0	0	0	0	0	0	0	0
NC_001491.2	LoRTIA	intron	143700	144231	2	-	.	GT/AG	48h-2	0	0	0	0	0	0	0	0	0	0	0	0	0	0	0	0	2	0	0	0	0	0	0	0	0	0	0
NC_001491.2	LoRTIA	intron	149382	149728	3	.	.		48h-2	0	0	0	0	0	0	0	0	0	0	0	0	0	0	0	0	3	2	0	0	0	0	0	0	0	0	0
NC_001491.2	LoRTIA	intron	149382	149790	2	.	.		48h-2	0	0	0	0	0	0	0	0	0	0	0	0	0	0	0	0	2	0	0	0	0	0	0	0	0	0	0
NC_001491.2	LoRTIA	intron	137801	137924	2	.	.		48h-2	0	0	0	0	0	0	0	0	0	0	0	0	0	0	0	0	2	0	0	0	0	0	0	0	0	0	0
NC_001491.2	LoRTIA	intron	133442	134044	4	.	.		48h-2	0	0	0	0	0	0	0	0	0	0	0	0	0	0	0	0	4	0	0	0	0	0	0	0	0	0	0
NC_001491.2	LoRTIA	intron	129121	129305	2	-	.	GT/AG	48h-2	0	0	0	0	0	0	0	0	0	0	0	0	0	0	0	0	2	0	0	0	0	0	0	0	0	0	0
NC_001491.2	LoRTIA	intron	113432	113778	2	.	.		48h-2	0	0	0	0	0	0	0	0	0	0	0	0	0	0	0	0	2	2	0	0	0	0	0	0	0	0	0
NC_001491.2	LoRTIA	intron	118929	119460	2	+	.	GT/AG	48h-2	0	0	0	0	0	0	0	0	0	0	0	0	0	0	0	0	2	0	0	0	0	0	0	0	0	0	0
NC_001491.2	LoRTIA	intron	119137	119465	5	+	.	GT/AG	48h-2	0	0	0	0	0	0	0	0	0	0	0	0	0	0	0	0	5	0	0	0	0	0	0	0	0	0	0
NC_001491.2	LoRTIA	intron	113392	113738	2	.	.		48h-2	0	0	0	0	0	0	0	0	0	0	0	0	0	0	0	0	2	0	0	0	0	0	0	0	0	0	0
NC_001491.2	LoRTIA	intron	121291	121340	2	.	.		48h-2	0	0	0	0	0	0	0	0	0	0	0	0	0	0	0	0	2	0	0	0	0	0	0	0	0	0	0
NC_001491.2	LoRTIA	intron	123849	124122	2	+	.	GT/AG	48h-2	0	0	0	0	0	0	0	0	0	0	0	0	0	0	0	0	2	2	0	0	0	0	0	0	0	0	0
NC_001491.2	LoRTIA	intron	124713	125144	2	.	.		48h-2	0	0	0	0	0	0	0	0	0	0	0	0	0	0	0	0	2	0	0	0	2	0	0	0	0	0	0
NC_001491.2	LoRTIA	intron	125264	126125	3	-	.	GT/AG	48h-2	0	0	0	0	0	0	0	0	0	0	0	0	0	0	0	0	3	0	0	0	0	0	0	0	0	0	0
NC_001491.2	LoRTIA	intron	13410	18707	3	-	.	GT/AG	48h-2	0	0	0	0	0	0	0	0	0	0	0	0	0	0	0	0	3	0	0	0	0	0	0	0	0	0	0
NC_001491.2	LoRTIA	intron	13410	19537	4	-	.	GT/AG	48h-2	0	0	0	0	0	0	0	0	0	0	0	0	0	0	0	0	4	0	0	0	0	0	0	0	0	0	0
NC_001491.2	LoRTIA	intron	24577	25648	2	.	.		48h-2	0	0	0	0	0	0	0	0	0	0	0	0	0	0	0	0	2	0	0	0	0	0	0	0	0	0	0
NC_001491.2	LoRTIA	intron	24590	24647	2	.	.		48h-2	0	0	0	0	0	0	0	0	0	0	0	0	0	0	0	0	2	0	0	0	0	0	0	0	0	0	0
NC_001491.2	LoRTIA	intron	12378	12763	2	-	.	GT/AG	48h-2	0	0	0	0	0	0	0	0	0	0	0	0	0	0	0	0	2	0	0	0	0	0	0	0	0	0	0
NC_001491.2	LoRTIA	intron	11864	11988	2	-	.	GT/AG	48h-2	0	0	0	0	0	0	0	0	0	0	0	0	0	0	0	0	2	0	0	0	0	0	0	0	0	0	0
NC_001491.2	LoRTIA	intron	4608	9509	2	+	.	GT/AG	48h-2	0	0	0	0	0	0	0	0	0	0	0	0	0	0	0	0	2	0	0	0	0	0	0	0	0	0	0
NC_001491.2	LoRTIA	intron	6689	9516	2	+	.	GT/AG	48h-2	0	0	0	0	0	0	0	0	0	0	0	0	0	0	0	0	2	0	0	0	0	0	0	0	0	0	0
NC_001491.2	LoRTIA	intron	6696	10665	2	-	.	GT/AG	48h-2	0	0	0	0	0	0	0	0	0	0	0	0	0	0	0	0	2	0	0	0	0	0	0	0	0	0	0
NC_001491.2	LoRTIA	intron	24590	24648	2	.	.		48h-2	0	0	0	0	0	0	0	0	0	0	0	0	0	0	0	0	2	0	0	0	0	0	0	0	0	0	0
NC_001491.2	LoRTIA	intron	7883	9516	4	+	.	GT/AG	48h-2	0	0	0	0	0	0	0	0	0	0	0	0	0	0	0	0	4	0	0	0	0	0	0	0	0	0	0
NC_001491.2	LoRTIA	intron	11351	11442	2	-	.	GT/AG	48h-2	0	0	0	0	0	0	0	0	0	0	0	0	0	0	0	0	2	0	0	0	0	0	0	0	0	0	0
NC_001491.2	LoRTIA	intron	91495	92453	2	.	.		48h-2	0	0	0	0	0	0	0	0	0	0	0	0	0	0	0	0	2	0	0	0	0	0	0	0	0	0	0
NC_001491.2	LoRTIA	intron	96572	104226	6	+	.	GT/AG	48h-2	0	0	0	0	0	0	0	0	0	0	0	0	0	0	0	0	6	0	0	0	0	0	0	0	0	0	0
NC_001491.2	LoRTIA	intron	74265	74883	2	-	.	GT/AG	48h-2	0	0	0	0	0	0	0	0	0	0	0	0	0	0	0	0	2	3	0	0	0	0	0	0	0	0	0
NC_001491.2	LoRTIA	intron	72371	72478	2	.	.		48h-2	0	0	0	0	0	0	0	0	0	0	0	0	0	0	0	0	2	0	0	0	0	0	0	0	0	0	0
NC_001491.2	LoRTIA	intron	70748	70863	3	.	.		48h-2	0	0	0	0	0	0	0	0	0	0	0	0	0	0	0	0	3	0	0	0	0	0	0	0	0	0	0
NC_001491.2	LoRTIA	intron	35214	35940	2	+	.	GT/AG	48h-2	0	0	0	0	0	0	0	0	0	0	0	0	0	0	0	0	2	0	0	0	0	0	0	0	0	0	0
NC_001491.2	LoRTIA	intron	24782	24940	6	+	.	GT/AG	48h-2	0	0	0	0	0	0	0	0	0	0	0	0	0	0	0	0	6	2	0	0	0	0	0	0	0	0	0
NC_001491.2	LoRTIA	intron	58653	59148	2	.	.		48h-2	0	0	0	0	0	0	0	0	0	0	0	0	0	0	0	0	2	0	0	0	0	0	0	0	0	0	0
NC_001491.2	LoRTIA	intron	67636	69903	2	+	.	GT/AG	48h-2	0	0	0	0	0	0	0	0	0	0	0	0	0	0	0	0	2	0	0	0	0	0	0	0	0	0	0
NC_001491.2	LoRTIA	intron	67889	68794	2	.	.		48h-2	0	0	0	0	0	0	0	0	0	0	0	0	0	0	0	0	2	0	0	0	0	0	0	0	0	0	0
NC_001491.2	LoRTIA	intron	149462	149884	2	.	.		48h-2	0	0	0	0	0	0	0	0	0	0	0	0	0	0	0	0	2	0	0	0	0	0	0	0	0	0	0
NC_001491.2	LoRTIA	intron	59	1104	2	.	.		48h-3	0	0	0	0	0	0	0	0	0	0	0	0	0	0	0	0	0	2	0	0	0	0	0	0	0	0	0
NC_001491.2	LoRTIA	intron	112414	112458	2	.	.		48h-3	0	0	0	0	0	0	0	0	0	0	0	0	0	0	0	0	0	2	0	0	0	0	0	0	0	0	0
NC_001491.2	LoRTIA	intron	112458	112559	2	-	.	GT/AG	48h-3	0	0	0	0	0	0	0	0	0	0	0	0	0	0	0	0	0	2	0	0	0	0	0	0	0	0	0
NC_001491.2	LoRTIA	intron	112471	112559	2	-	.	GT/AG	48h-3	0	0	0	0	0	0	0	0	0	0	0	0	0	0	0	0	0	2	0	0	0	0	0	0	0	0	0
NC_001491.2	LoRTIA	intron	113355	113702	2	.	.		48h-3	0	0	0	0	0	0	0	0	0	0	0	0	0	0	0	0	0	2	0	0	0	0	0	0	0	0	0
NC_001491.2	LoRTIA	intron	113358	113694	2	.	.		48h-3	0	0	0	0	0	0	0	0	0	0	0	0	0	0	0	0	0	2	0	0	0	0	0	0	0	0	0
NC_001491.2	LoRTIA	intron	113359	113754	2	.	.		48h-3	0	0	0	0	0	0	0	0	0	0	0	0	0	0	0	0	0	2	0	0	0	0	0	0	0	0	0
NC_001491.2	LoRTIA	intron	113370	113718	2	.	.		48h-3	0	0	0	0	0	0	0	0	0	0	0	0	0	0	0	0	0	2	0	0	0	0	0	0	0	0	0
NC_001491.2	LoRTIA	intron	113394	113742	3	.	.		48h-3	0	0	0	0	0	0	0	0	0	0	0	0	0	0	0	0	0	3	0	0	0	0	0	0	0	0	0
NC_001491.2	LoRTIA	intron	112393	112456	2	-	.	GC/AG	48h-3	0	0	0	0	0	0	0	0	0	0	0	0	0	0	0	0	0	2	0	0	0	0	0	0	0	0	0
NC_001491.2	LoRTIA	intron	113441	113778	2	.	.		48h-3	0	0	0	0	0	0	0	0	0	0	0	0	0	0	0	0	0	2	0	0	0	0	0	0	0	0	0
NC_001491.2	LoRTIA	intron	118929	119513	2	+	.	GT/AG	48h-3	0	0	0	0	0	0	0	0	0	0	0	0	0	0	0	0	0	2	0	0	0	0	0	0	0	0	0
NC_001491.2	LoRTIA	intron	119662	120950	2	+	.	GT/AG	48h-3	0	0	0	0	0	0	0	0	0	0	0	0	0	0	0	0	0	2	0	0	0	0	0	0	0	0	0
NC_001491.2	LoRTIA	intron	119662	120846	5	+	.	GT/AG	48h-3	0	0	0	0	0	0	0	0	0	0	0	0	0	0	0	0	0	5	0	0	0	0	0	0	0	0	0
NC_001491.2	LoRTIA	intron	119707	121286	2	+	.	GT/AG	48h-3	0	0	0	0	0	0	0	0	0	0	0	0	0	0	0	0	0	2	0	0	0	0	0	0	0	0	0
NC_001491.2	LoRTIA	intron	113408	113754	2	.	.		48h-3	0	0	0	0	0	0	0	0	0	0	0	0	0	0	0	0	0	2	0	0	0	0	0	0	0	0	0
NC_001491.2	LoRTIA	intron	112367	112445	3	.	.		48h-3	0	0	0	0	0	0	0	0	0	0	0	0	0	0	0	0	0	3	0	0	0	0	0	0	0	0	0
NC_001491.2	LoRTIA	intron	112362	112401	3	.	.		48h-3	0	0	0	0	0	0	0	0	0	0	0	0	0	0	0	0	0	3	0	0	0	0	0	0	0	0	0
NC_001491.2	LoRTIA	intron	103770	103882	6	+	.	GT/AG	48h-3	0	0	0	0	0	0	0	0	0	0	0	0	0	0	0	0	0	6	0	0	0	0	0	0	0	0	0
NC_001491.2	LoRTIA	intron	107581	107706	2	-	.	GT/AG	48h-3	0	0	0	0	0	0	0	0	0	0	0	0	0	0	0	0	0	2	0	0	0	0	0	0	0	0	0
NC_001491.2	LoRTIA	intron	109576	111336	2	+	.	GT/AG	48h-3	0	0	0	0	0	0	0	0	0	0	0	0	0	0	0	0	0	2	0	0	0	0	0	0	0	0	0
NC_001491.2	LoRTIA	intron	112358	112448	3	.	.		48h-3	0	0	0	0	0	0	0	0	0	0	0	0	0	0	0	0	0	3	0	0	0	0	0	0	0	0	0
NC_001491.2	LoRTIA	intron	112358	112435	2	.	.		48h-3	0	0	0	0	0	0	0	0	0	0	0	0	0	0	0	0	0	2	0	0	0	0	0	0	0	0	0
NC_001491.2	LoRTIA	intron	112354	112431	2	.	.		48h-3	0	0	0	0	0	0	0	0	0	0	0	0	0	0	0	0	0	2	0	0	0	0	0	0	0	0	0
NC_001491.2	LoRTIA	intron	112354	112405	2	.	.		48h-3	0	0	0	0	0	0	0	0	0	0	0	0	0	0	0	0	0	2	0	0	0	0	0	0	0	0	0
NC_001491.2	LoRTIA	intron	120471	120917	3	+	.	GT/AG	48h-3	0	0	0	0	0	0	0	0	0	0	0	0	0	0	0	0	0	3	0	0	0	0	0	0	0	0	0
NC_001491.2	LoRTIA	intron	111492	114109	2	+	.	GT/AG	48h-3	0	0	0	0	0	0	0	0	0	0	0	0	0	0	0	0	0	2	0	0	0	0	0	0	0	0	0
NC_001491.2	LoRTIA	intron	110730	111204	3	-	.	GT/AG	48h-3	0	0	0	0	0	0	0	0	0	0	0	0	0	0	0	0	0	3	0	0	0	0	0	0	0	0	0
NC_001491.2	LoRTIA	intron	110417	112625	5	+	.	GT/AG	48h-3	0	0	0	0	0	0	0	0	0	0	0	0	0	0	0	0	0	5	0	0	0	0	0	0	0	0	0
NC_001491.2	LoRTIA	intron	120584	120631	4	.	.		48h-3	0	0	0	0	0	0	0	0	0	0	0	0	0	0	0	0	0	4	0	0	0	0	0	0	0	0	0
NC_001491.2	LoRTIA	intron	120806	122230	2	-	.	GT/AG	48h-3	0	0	0	0	0	0	0	0	0	0	0	0	0	0	0	0	0	2	0	0	0	0	0	0	0	0	0
NC_001491.2	LoRTIA	intron	141874	143453	2	-	.	GT/AG	48h-3	0	0	0	0	0	0	0	0	0	0	0	0	0	0	0	0	0	2	0	0	0	0	0	0	0	0	0
NC_001491.2	LoRTIA	intron	141874	142023	2	-	.	GT/AG	48h-3	0	0	0	0	0	0	0	0	0	0	0	0	0	0	0	0	0	2	0	0	0	0	0	0	0	0	0
NC_001491.2	LoRTIA	intron	141882	142075	2	.	.		48h-3	0	0	0	0	0	0	0	0	0	0	0	0	0	0	0	0	0	2	0	0	0	0	0	0	0	0	0
NC_001491.2	LoRTIA	intron	142210	143498	2	-	.	GT/AG	48h-3	0	0	0	0	0	0	0	0	0	0	0	0	0	0	0	0	0	2	0	0	0	0	0	0	0	0	0
NC_001491.2	LoRTIA	intron	142243	142689	3	-	.	GT/AG	48h-3	0	0	0	0	0	0	0	0	0	0	0	0	0	0	0	0	0	3	0	0	0	0	0	0	0	0	0
NC_001491.2	LoRTIA	intron	142314	143498	5	-	.	GT/AG	48h-3	0	0	0	0	0	0	0	0	0	0	0	0	0	0	0	0	0	5	0	0	0	0	0	0	0	0	0
NC_001491.2	LoRTIA	intron	142525	142572	4	.	.		48h-3	0	0	0	0	0	0	0	0	0	0	0	0	0	0	0	0	0	4	0	0	0	0	0	0	0	0	0
NC_001491.2	LoRTIA	intron	149418	149766	3	.	.		48h-3	0	0	0	0	0	0	0	0	0	0	0	0	0	0	0	0	0	3	0	0	0	0	0	0	0	0	0
NC_001491.2	LoRTIA	intron	149406	149752	2	.	.		48h-3	0	0	0	0	0	0	0	0	0	0	0	0	0	0	0	0	0	2	0	0	0	0	0	0	0	0	0
NC_001491.2	LoRTIA	intron	143647	144231	2	-	.	GT/AG	48h-3	0	0	0	0	0	0	0	0	0	0	0	0	0	0	0	0	0	2	0	0	0	0	0	0	0	0	0
NC_001491.2	LoRTIA	intron	140930	142354	2	+	.	GT/AG	48h-3	0	0	0	0	0	0	0	0	0	0	0	0	0	0	0	0	0	2	0	0	0	0	0	0	0	0	0
NC_001491.2	LoRTIA	intron	139033	139304	2	.	.		48h-3	0	0	0	0	0	0	0	0	0	0	0	0	0	0	0	0	0	2	0	0	0	0	0	0	0	0	0
NC_001491.2	LoRTIA	intron	121085	121278	2	.	.		48h-3	0	0	0	0	0	0	0	0	0	0	0	0	0	0	0	0	0	2	0	0	0	0	0	0	0	0	0
NC_001491.2	LoRTIA	intron	137801	137896	5	+	.	GT/AG	48h-3	0	0	0	0	0	0	0	0	0	0	0	0	0	0	0	0	0	5	0	0	0	0	0	0	0	0	0
NC_001491.2	LoRTIA	intron	128175	128351	2	.	.		48h-3	0	0	0	0	0	0	0	0	0	0	0	0	0	0	0	0	0	2	0	0	0	0	0	0	0	0	0
NC_001491.2	LoRTIA	intron	125636	128892	3	-	.	GT/AG	48h-3	0	0	0	0	0	0	0	0	0	0	0	0	0	0	0	0	0	3	0	0	0	0	0	0	0	0	0
NC_001491.2	LoRTIA	intron	125636	126125	3	-	.	GT/AG	48h-3	0	0	0	0	0	0	0	0	0	0	0	0	0	0	0	0	0	3	0	0	0	0	0	0	0	0	0
NC_001491.2	LoRTIA	intron	125473	125567	2	.	.		48h-3	0	0	0	0	0	0	0	0	0	0	0	0	0	0	0	0	0	2	0	0	0	0	0	0	0	0	0
NC_001491.2	LoRTIA	intron	125264	125359	8	-	.	GT/AG	48h-3	0	0	0	0	0	0	0	0	0	0	0	0	0	0	0	0	0	8	0	0	0	0	0	0	0	0	0
NC_001491.2	LoRTIA	intron	149462	149839	2	.	.		48h-3	0	0	0	0	0	0	0	0	0	0	0	0	0	0	0	0	0	2	0	0	0	0	0	0	0	0	0
NC_001491.2	LoRTIA	intron	102501	105513	13	+	.	GT/AG	48h-3	0	0	0	0	0	0	0	0	0	0	0	0	0	0	0	0	0	13	0	0	0	0	0	0	0	0	0
NC_001491.2	LoRTIA	intron	17333	17488	2	-	.	GT/AG	48h-3	0	0	0	0	0	0	0	0	0	0	0	0	0	0	0	0	0	2	0	0	0	0	0	0	0	0	0
NC_001491.2	LoRTIA	intron	17857	18015	2	.	.		48h-3	0	0	0	0	0	0	0	0	0	0	0	0	0	0	0	0	0	2	0	0	0	0	0	0	0	0	0
NC_001491.2	LoRTIA	intron	21640	24940	4	+	.	GT/AG	48h-3	0	0	0	0	0	0	0	0	0	0	0	0	0	0	0	0	0	4	0	0	0	0	0	0	0	0	0
NC_001491.2	LoRTIA	intron	22304	24940	4	+	.	GT/AG	48h-3	0	0	0	0	0	0	0	0	0	0	0	0	0	0	0	0	0	4	0	0	0	0	0	0	0	0	0
NC_001491.2	LoRTIA	intron	23439	24004	2	-	.	GT/AG	48h-3	0	0	0	0	0	0	0	0	0	0	0	0	0	0	0	0	0	2	0	0	0	0	0	0	0	0	0
NC_001491.2	LoRTIA	intron	24661	25633	2	.	.		48h-3	0	0	0	0	0	0	0	0	0	0	0	0	0	0	0	0	0	2	0	0	0	0	0	0	0	3	0
NC_001491.2	LoRTIA	intron	25275	26512	3	+	.	GT/AG	48h-3	0	0	0	0	0	0	0	0	0	0	0	0	0	0	0	0	0	3	0	0	0	0	0	0	0	0	0
NC_001491.2	LoRTIA	intron	25275	26684	2	.	.		48h-3	0	0	0	0	0	0	0	0	0	0	0	0	0	0	0	0	0	2	0	0	0	0	0	0	0	0	0
NC_001491.2	LoRTIA	intron	88	988	4	.	.		48h-3	0	0	0	0	0	0	0	0	0	0	0	0	0	0	0	0	0	4	0	0	0	0	0	0	0	0	0
NC_001491.2	LoRTIA	intron	117	966	2	-	.	GT/AG	48h-3	0	0	0	0	0	0	0	0	0	0	0	0	0	0	0	0	0	2	0	0	0	0	0	0	0	0	0
NC_001491.2	LoRTIA	intron	134	825	2	-	.	GT/AG	48h-3	0	0	0	0	0	0	0	0	0	0	0	0	0	0	0	0	0	2	0	0	0	0	0	0	0	0	0
NC_001491.2	LoRTIA	intron	388	513	2	.	.		48h-3	0	0	0	0	0	0	0	0	0	0	0	0	0	0	0	0	0	2	0	0	0	0	0	0	0	0	0
NC_001491.2	LoRTIA	intron	449	572	2	-	.	GT/AG	48h-3	0	0	0	0	0	0	0	0	0	0	0	0	0	0	0	0	0	2	0	0	0	0	0	0	0	0	0
NC_001491.2	LoRTIA	intron	572	698	2	-	.	GT/AG	48h-3	0	0	0	0	0	0	0	0	0	0	0	0	0	0	0	0	0	2	0	0	0	0	0	0	0	0	0
NC_001491.2	LoRTIA	intron	611	1090	4	-	.	GT/AG	48h-3	0	0	0	0	0	0	0	0	0	0	0	0	0	0	0	0	0	4	0	0	0	0	0	0	0	0	0
NC_001491.2	LoRTIA	intron	805	1097	2	.	.		48h-3	0	0	0	0	0	0	0	0	0	0	0	0	0	0	0	0	0	2	0	0	0	0	0	0	0	0	0
NC_001491.2	LoRTIA	intron	891	1090	2	-	.	GT/AG	48h-3	0	0	0	0	0	0	0	0	0	0	0	0	0	0	0	0	0	2	0	0	0	0	0	0	0	0	0
NC_001491.2	LoRTIA	intron	1173	1241	2	-	.	GT/AG	48h-3	0	0	0	0	0	0	0	0	0	0	0	0	0	0	0	0	0	2	0	0	0	0	0	0	0	0	0
NC_001491.2	LoRTIA	intron	4718	6554	2	+	.	GT/AG	48h-3	0	0	0	0	0	0	0	0	0	0	0	0	0	0	0	0	0	2	0	0	0	0	0	0	0	0	0
NC_001491.2	LoRTIA	intron	4843	6067	2	.	.		48h-3	0	0	0	0	0	0	0	0	0	0	0	0	0	0	0	0	0	2	0	0	0	0	0	0	0	0	0
NC_001491.2	LoRTIA	intron	6851	10681	4	+	.	GT/AG	48h-3	0	0	0	0	0	0	0	0	0	0	0	0	0	0	0	0	0	4	0	0	0	0	0	0	0	0	0
NC_001491.2	LoRTIA	intron	6135	6183	2	+	.	GT/AG	48h-3	0	0	0	0	0	0	0	0	0	0	0	0	0	0	0	0	0	2	0	0	0	0	0	0	0	0	0
NC_001491.2	LoRTIA	intron	5679	10681	2	+	.	GT/AG	48h-3	0	0	0	0	0	0	0	0	0	0	0	0	0	0	0	0	0	2	0	0	0	0	0	0	0	0	0
NC_001491.2	LoRTIA	intron	28146	28869	2	.	.		48h-3	0	0	0	0	0	0	0	0	0	0	0	0	0	0	0	0	0	2	0	0	0	0	0	0	0	0	0
NC_001491.2	LoRTIA	intron	32300	32705	2	-	.	GT/AG	48h-3	0	0	0	0	0	0	0	0	0	0	0	0	0	0	0	0	0	2	0	0	0	0	0	0	0	0	0
NC_001491.2	LoRTIA	intron	84321	84446	2	-	.	GT/AG	48h-3	0	0	0	0	0	0	0	0	0	0	0	0	0	0	0	0	0	2	0	0	0	0	0	0	0	0	0
NC_001491.2	LoRTIA	intron	84328	91888	2	+	.	AT/AC	48h-3	0	0	0	0	0	0	0	0	0	0	0	0	0	0	0	0	0	2	0	0	0	0	0	0	0	0	0
NC_001491.2	LoRTIA	intron	86241	86827	2	-	.	GC/AG	48h-3	0	0	0	0	0	0	0	0	0	0	0	0	0	0	0	0	0	2	0	0	0	0	0	0	0	2	0
NC_001491.2	LoRTIA	intron	86250	86836	2	-	.	GC/AG	48h-3	0	0	0	0	0	0	0	0	0	0	0	0	0	0	0	0	0	2	0	0	0	0	0	0	4	2	6
NC_001491.2	LoRTIA	intron	88266	88368	2	-	.	GC/AG	48h-3	0	0	0	0	0	0	0	0	0	0	0	0	0	0	0	0	0	2	0	0	0	0	0	0	0	0	0
NC_001491.2	LoRTIA	intron	102176	102256	5	.	.		48h-3	0	0	0	0	0	0	0	0	0	0	0	0	0	0	0	0	0	5	0	0	0	0	0	0	0	0	0
NC_001491.2	LoRTIA	intron	102501	104226	7	+	.	GT/AG	48h-3	0	0	0	0	0	0	0	0	0	0	0	0	0	0	0	0	0	7	0	0	0	0	0	0	0	0	0
NC_001491.2	LoRTIA	intron	51660	55254	3	.	.		48h-3	0	0	0	0	0	0	0	0	0	0	0	0	0	0	0	0	0	3	0	0	0	0	0	0	0	0	0
NC_001491.2	LoRTIA	intron	58128	58376	2	.	.		48h-3	0	0	0	0	0	0	0	0	0	0	0	0	0	0	0	0	0	2	0	0	0	0	0	0	0	0	0
NC_001491.2	LoRTIA	intron	62389	69903	2	+	.	GT/AG	48h-3	0	0	0	0	0	0	0	0	0	0	0	0	0	0	0	0	0	2	0	0	0	0	0	0	0	0	0
NC_001491.2	LoRTIA	intron	62391	64043	2	+	.	GT/AG	48h-3	0	0	0	0	0	0	0	0	0	0	0	0	0	0	0	0	0	2	0	0	0	0	0	0	0	0	0
NC_001491.2	LoRTIA	intron	65441	65770	6	.	.		48h-3	0	0	0	0	0	0	0	0	0	0	0	0	0	0	0	0	0	6	0	0	0	0	0	0	0	0	0
NC_001491.2	LoRTIA	intron	83436	84175	2	-	.	GT/AG	48h-3	0	0	0	0	0	0	0	0	0	0	0	0	0	0	0	0	0	2	0	0	0	0	0	0	0	0	0
NC_001491.2	LoRTIA	intron	81542	81647	7	.	.		48h-3	0	0	0	0	0	0	0	0	0	0	0	0	0	0	0	0	0	7	0	0	0	0	0	0	0	0	0
NC_001491.2	LoRTIA	intron	78145	79066	3	+	.	GT/AG	48h-3	0	0	0	0	0	0	0	0	0	0	0	0	0	0	0	0	0	3	0	0	0	0	0	0	0	0	0
NC_001491.2	LoRTIA	intron	77223	77916	2	+	.	GT/AG	48h-3	0	0	0	0	0	0	0	0	0	0	0	0	0	0	0	0	0	2	0	0	0	0	0	0	0	0	0
NC_001491.2	LoRTIA	intron	68994	69903	2	+	.	GT/AG	48h-3	0	0	0	0	0	0	0	0	0	0	0	0	0	0	0	0	0	2	0	0	0	0	0	0	0	0	0
NC_001491.2	LoRTIA	intron	149466	149800	2	.	.		48h-3	0	0	0	0	0	0	0	0	0	0	0	0	0	0	0	0	0	2	0	0	0	0	0	0	0	0	0
NC_001491.2	LoRTIA	intron	5142	5308	2	.	.		4h-1	0	0	0	0	0	0	0	0	0	0	0	0	0	0	0	0	0	0	2	2	0	0	2	0	0	0	0
NC_001491.2	LoRTIA	intron	110641	111711	2	.	.		4h-1	0	0	0	0	0	0	0	0	0	0	0	0	0	0	0	0	0	0	2	0	0	0	0	0	0	0	0
NC_001491.2	LoRTIA	intron	141011	142106	2	.	.		4h-2	0	0	0	0	0	0	0	0	0	0	0	0	0	0	0	0	0	0	0	2	0	0	0	0	0	0	0
NC_001491.2	LoRTIA	intron	141124	141173	2	.	.		4h-2	0	0	0	0	0	0	0	0	0	0	0	0	0	0	0	0	0	0	0	2	0	0	0	0	0	0	0
NC_001491.2	LoRTIA	intron	121054	122149	2	.	.		4h-2	0	0	0	0	0	0	0	0	0	0	0	0	0	0	0	0	0	0	0	2	0	0	0	0	0	0	0
NC_001491.2	LoRTIA	intron	121089	121280	2	-	.	AT/AC	4h-2	0	0	0	0	0	0	0	0	0	0	0	0	0	0	0	0	0	0	0	2	0	0	0	0	0	0	0
NC_001491.2	LoRTIA	intron	115261	116017	2	.	.		4h-3	0	0	0	0	0	0	0	0	0	0	0	0	0	0	0	0	0	0	0	0	2	0	0	0	0	0	0
NC_001491.2	LoRTIA	intron	147142	147898	2	.	.		4h-3	0	0	0	0	0	0	0	0	0	0	0	0	0	0	0	0	0	0	0	0	2	0	0	0	0	0	0
NC_001491.2	LoRTIA	intron	5126	5859	2	.	.		6h-1	0	0	0	0	0	0	0	0	0	0	0	0	0	0	0	0	0	0	0	0	0	2	0	0	0	0	0
NC_001491.2	LoRTIA	intron	121085	121279	4	.	.		6h-1	0	0	0	0	0	0	0	0	0	0	0	0	0	0	0	0	0	0	0	0	0	4	0	0	0	0	0
NC_001491.2	LoRTIA	intron	121796	122047	2	+	.	GT/AG	6h-1	0	0	0	0	0	0	0	0	0	0	0	0	0	0	0	0	0	0	0	0	0	2	2	0	0	0	0
NC_001491.2	LoRTIA	intron	141881	142075	3	.	.		6h-1	0	0	0	0	0	0	0	0	0	0	0	0	0	0	0	0	0	0	0	0	0	3	0	0	0	0	0
NC_001491.2	LoRTIA	intron	141113	141364	2	-	.	GT/AG	6h-1	0	0	0	0	0	0	0	0	0	0	0	0	0	0	0	0	0	0	0	0	0	2	2	0	0	0	0
NC_001491.2	LoRTIA	intron	5142	5329	2	.	.		6h-1	0	0	0	0	0	0	0	0	0	0	0	0	0	0	0	0	0	0	0	0	0	2	0	0	0	0	0
NC_001491.2	LoRTIA	intron	24677	24713	2	-	.	GT/AG	6h-1	0	0	0	0	0	0	0	0	0	0	0	0	0	0	0	0	0	0	0	0	0	2	0	0	0	0	0
NC_001491.2	LoRTIA	intron	80136	81851	2	.	.		6h-1	0	0	0	0	0	0	0	0	0	0	0	0	0	0	0	0	0	0	0	0	0	2	0	2	0	0	0
NC_001491.2	LoRTIA	intron	82864	82995	2	.	.		6h-1	0	0	0	0	0	0	0	0	0	0	0	0	0	0	0	0	0	0	0	0	0	2	0	0	0	0	0
NC_001491.2	LoRTIA	intron	24579	25089	2	.	.		6h-2	0	0	0	0	0	0	0	0	0	0	0	0	0	0	0	0	0	0	0	0	0	0	2	0	0	0	0
NC_001491.2	LoRTIA	intron	65616	65795	2	.	.		6h-2	0	0	0	0	0	0	0	0	0	0	0	0	0	0	0	0	0	0	0	0	0	0	2	0	0	0	0
NC_001491.2	LoRTIA	intron	140990	141426	2	+	.	GT/AG	6h-3	0	0	0	0	0	0	0	0	0	0	0	0	0	0	0	0	0	0	0	0	0	0	0	2	0	0	0
NC_001491.2	LoRTIA	intron	141891	142087	2	.	.		6h-3	0	0	0	0	0	0	0	0	0	0	0	0	0	0	0	0	0	0	0	0	0	0	0	2	0	0	0
NC_001491.2	LoRTIA	intron	121085	121274	2	.	.		6h-3	0	0	0	0	0	0	0	0	0	0	0	0	0	0	0	0	0	0	0	0	0	0	0	2	0	0	2
NC_001491.2	LoRTIA	intron	56750	57387	2	.	.		6h-3	0	0	0	0	0	0	0	0	0	0	0	0	0	0	0	0	0	0	0	0	0	0	0	2	0	0	0
NC_001491.2	LoRTIA	intron	80793	81833	2	.	.		6h-3	0	0	0	0	0	0	0	0	0	0	0	0	0	0	0	0	0	0	0	0	0	0	0	2	0	0	0
NC_001491.2	LoRTIA	intron	110868	111086	2	.	.		6h-3	0	0	0	0	0	0	0	0	0	0	0	0	0	0	0	0	0	0	0	0	0	0	0	2	0	0	0
NC_001491.2	LoRTIA	intron	121085	121282	2	.	.		8h-1	0	0	0	0	0	0	0	0	0	0	0	0	0	0	0	0	0	0	0	0	0	0	0	0	2	2	2
NC_001491.2	LoRTIA	intron	135621	135894	2	-	.	GT/AG	8h-1	0	0	0	0	0	0	0	0	0	0	0	0	0	0	0	0	0	0	0	0	0	0	0	0	2	0	0
NC_001491.2	LoRTIA	intron	13111	13232	2	+	.	GT/AG	8h-1	0	0	0	0	0	0	0	0	0	0	0	0	0	0	0	0	0	0	0	0	0	0	0	0	2	0	0
NC_001491.2	LoRTIA	intron	24840	25633	2	+	.	GT/AG	8h-1	0	0	0	0	0	0	0	0	0	0	0	0	0	0	0	0	0	0	0	0	0	0	0	0	2	0	0
NC_001491.2	LoRTIA	intron	28592	28748	2	-	.	GT/AG	8h-1	0	0	0	0	0	0	0	0	0	0	0	0	0	0	0	0	0	0	0	0	0	0	0	0	2	0	0
NC_001491.2	LoRTIA	intron	71321	71373	2	.	.		8h-1	0	0	0	0	0	0	0	0	0	0	0	0	0	0	0	0	0	0	0	0	0	0	0	0	2	0	0
NC_001491.2	LoRTIA	intron	78312	78789	2	.	.		8h-1	0	0	0	0	0	0	0	0	0	0	0	0	0	0	0	0	0	0	0	0	0	0	0	0	2	0	0
NC_001491.2	LoRTIA	intron	12736	13038	2	.	.		8h-2	0	0	0	0	0	0	0	0	0	0	0	0	0	0	0	0	0	0	0	0	0	0	0	0	0	2	0
NC_001491.2	LoRTIA	intron	78307	78775	2	.	.		8h-2	0	0	0	0	0	0	0	0	0	0	0	0	0	0	0	0	0	0	0	0	0	0	0	0	0	2	0
NC_001491.2	LoRTIA	intron	78348	78786	2	+	.	GT/AG	8h-2	0	0	0	0	0	0	0	0	0	0	0	0	0	0	0	0	0	0	0	0	0	0	0	0	0	2	0
NC_001491.2	LoRTIA	intron	116637	116749	2	-	.	GC/AG	8h-2	0	0	0	0	0	0	0	0	0	0	0	0	0	0	0	0	0	0	0	0	0	0	0	0	0	2	0
NC_001491.2	LoRTIA	intron	146411	146523	2	+	.	GC/AG	8h-2	0	0	0	0	0	0	0	0	0	0	0	0	0	0	0	0	0	0	0	0	0	0	0	0	0	2	0
NC_001491.2	LoRTIA	intron	117	1106	2	.	.		8h-3	0	0	0	0	0	0	0	0	0	0	0	0	0	0	0	0	0	0	0	0	0	0	0	0	0	0	2
NC_001491.2	LoRTIA	intron	135675	136059	2	+	.	GT/AG	8h-3	0	0	0	0	0	0	0	0	0	0	0	0	0	0	0	0	0	0	0	0	0	0	0	0	0	0	2
NC_001491.2	LoRTIA	intron	121499	121672	2	.	.		8h-3	0	0	0	0	0	0	0	0	0	0	0	0	0	0	0	0	0	0	0	0	0	0	0	0	0	0	2
NC_001491.2	LoRTIA	intron	141486	141659	2	.	.		8h-3	0	0	0	0	0	0	0	0	0	0	0	0	0	0	0	0	0	0	0	0	0	0	0	0	0	0	2
NC_001491.2	LoRTIA	intron	78145	80043	3	.	.		8h-3	0	0	0	0	0	0	0	0	0	0	0	0	0	0	0	0	0	0	0	0	0	0	0	0	0	0	3
NC_001491.2	LoRTIA	intron	27988	29600	3	.	.		8h-3	0	0	0	0	0	0	0	0	0	0	0	0	0	0	0	0	0	0	0	0	0	0	0	0	0	0	3
NC_001491.2	LoRTIA	intron	118727	119103	2	-	.	GT/AG	8h-3	0	0	0	0	0	0	0	0	0	0	0	0	0	0	0	0	0	0	0	0	0	0	0	0	0	0	2
NC_001491.2	LoRTIA	intron	113995	114058	2	.	.		8h-3	0	0	0	0	0	0	0	0	0	0	0	0	0	0	0	0	0	0	0	0	0	0	0	0	0	0	2
NC_001491.2	LoRTIA	intron	86250	86846	2	-	.	GT/AG	8h-3	0	0	0	0	0	0	0	0	0	0	0	0	0	0	0	0	0	0	0	0	0	0	0	0	0	0	2
NC_001491.2	LoRTIA	intron	149096	149159	2	.	.		8h-3	0	0	0	0	0	0	0	0	0	0	0	0	0	0	0	0	0	0	0	0	0	0	0	0	0	0	2
